 0.00  0.00  0.00  0.00  0.00  0.00  0.00
 0.02  0.00  0.00  0.00  0.00  0.00  0.00
 0.04  0.00  0.00  0.00  0.00  0.00  0.00
 0.06  0.00  0.00  0.00  0.00  0.00  0.00
 0.08  0.00  0.00  0.00  0.00  0.00  0.00
 0.10  0.00  0.00  0.00  0.00  0.00  0.00
 0.12  0.00  0.00  0.00  0.00  0.00  0.00
 0.14  0.00  0.00  0.00  0.00  0.00  0.00
 0.16  0.00  0.00  0.00  0.00  0.00  0.00
 0.18  0.00  0.00  0.00  0.00  0.00  0.00
 0.20  0.00  0.00  0.00  0.00  0.00  0.00
 0.22  0.00  0.00  0.00  0.00  0.00  0.00
 0.24  0.00  0.00  0.00  0.00  0.00  0.00
 0.26  0.00  0.00  0.00  0.00  0.00  0.00
 0.28  0.00  0.00  0.00  0.00  0.00  0.00
 0.30  0.00  0.00  0.00  0.00  0.00  0.00
 0.32  0.00  0.00  0.00  0.00  0.00  0.00
 0.34  0.00  0.00  0.00  0.00  0.00  0.00
 0.36  0.00  0.00  0.00  0.00  0.00  0.00
 0.38  0.00  0.00  0.00  0.00  0.00  0.00
 0.40  0.00  0.00  0.00  0.00  0.00  0.00
 0.42  0.00  0.00  0.00  0.00  0.00  0.00
 0.44  0.00  0.00  0.00  0.00  0.00  0.00
 0.46  0.00  0.00  0.00  0.00  0.00  0.00
 0.48  0.00  0.00  0.00  0.00  0.00  0.00
 0.50  0.00  0.00  0.00  0.00  0.00  0.00
 0.52  0.00  0.00  0.00  0.00  0.00  0.00
 0.54  0.00  0.00  0.00  0.00  0.00  0.00
 0.56  0.00  0.00  0.00  0.00  0.00  0.00
 0.58  0.00  0.00  0.00  0.00  0.00  0.00
 0.60  0.00  0.00  0.00  0.00  0.00  0.00
 0.62  0.00  0.00  0.00  0.00  0.00  0.00
 0.64  0.00  0.00  0.00  0.00  0.00  0.00
 0.66  0.00  0.00  0.00  0.00  0.00  0.00
 0.68  0.00  0.00  0.00  0.00  0.00  0.00
 0.70  0.00  0.00  0.00  0.00  0.00  0.00
 0.72  0.00  0.00  0.00  0.00  0.00  0.00
 0.74  0.00  0.00  0.00  0.00  0.00  0.00
 0.76  0.00  0.00  0.00  0.00  0.00  0.00
 0.78  0.00  0.00  0.00  0.00  0.00  0.00
 0.80  0.00  0.00  0.00  0.00  0.00  0.00
 0.82  0.00  0.00  0.00  0.00  0.00  0.00
 0.84  0.00  0.00  0.00  0.00  0.00  0.00
 0.86  0.00  0.00  0.00  0.00  0.00  0.00
 0.88  0.00  0.00  0.00  0.00  0.00  0.00
 0.90  0.00  0.00  0.00  0.00  0.00  0.00
 0.92  0.00  0.00  0.00  0.00  0.00  0.00
 0.94  0.00  0.00  0.00  0.00  0.00  0.00
 0.96  0.00  0.00  0.00  0.00  0.00  0.00
 0.98  0.00  0.00  0.00  0.00  0.00  0.00
 1.00  0.00  0.00  0.00  0.00  0.00  0.00
 1.02  0.00  0.00  0.00  0.00  0.00  0.00
 1.04  0.00  0.00  0.00  0.00  0.00  0.00
 1.06  0.00  0.00  0.00  0.00  0.00  0.00
 1.08  0.00  0.00  0.00  0.00  0.00  0.00
 1.10  0.00  0.00  0.00  0.00  0.00  0.00
 1.12  0.00  0.00  0.00  0.00  0.00  0.00
 1.14  0.00  0.00  0.00  0.00  0.00  0.00
 1.16  0.00  0.00  0.00  0.00  0.00  0.00
 1.18  0.00  0.00  0.00  0.00  0.00  0.00
 1.20  0.00  0.00  0.00  0.00  0.00  0.00
 1.22  0.00  0.00  0.00  0.00  0.00  0.00
 1.24  0.00  0.00  0.00  0.00  0.00  0.00
 1.26  0.00  0.00  0.00  0.00  0.00  0.00
 1.28  0.00  0.00  0.00  0.00  0.00  0.00
 1.30  0.00  0.00  0.00  0.00  0.00  0.00
 1.32  0.00  0.00  0.00  0.00  0.00  0.00
 1.34  0.00  0.09  0.00  0.00  0.00  0.00
 1.36  0.00  0.04  0.00  0.00  0.00  0.00
 1.38  0.00  0.35  0.00  0.00  0.00  0.00
 1.40  0.00  0.21  0.00  0.00  0.00  0.00
 1.42  0.00  0.82  0.00  0.00  0.00  0.00
 1.44  0.00  1.04  0.00  0.00  0.00  0.00
 1.46  0.00  1.16  0.00  0.00  0.00  0.00
 1.48  0.00  2.15  0.00  0.00  0.00  0.00
 1.50  0.00  2.68  0.00  0.00  0.00  0.00
 1.52  0.00  2.61  0.00  0.00  0.00  0.00
 1.54  0.00  4.12  0.00  0.00  0.00  0.00
 1.56  0.00  5.34  0.00  0.00  0.03  0.00
 1.58  0.00  4.51  0.00  0.00  0.03  0.00
 1.60  0.00  4.92  0.00  0.00  0.16  0.00
 1.62  0.00  5.90  0.00  0.00  0.22  0.00
 1.64  0.00  6.13  0.00  0.00  0.15  0.00
 1.66  0.00  6.17  0.00  0.00  0.21  0.00
 1.68  0.00  5.88  0.00  0.00  0.47  0.00
 1.70  0.00  5.08  0.00  0.00  0.43  0.00
 1.72  0.00  5.75  0.00  0.00  0.67  0.00
 1.74  0.00  5.37  0.00  0.00  0.93  0.00
 1.76  0.00  5.57  0.00  0.00  1.07  0.00
 1.78  0.00  4.35  0.00  0.00  1.47  0.00
 1.80  0.00  4.31  0.00  0.00  1.38  0.00
 1.82  0.00  2.73  0.00  0.00  1.30  0.00
 1.84  0.00  2.92  0.00  0.00  2.04  0.00
 1.86  0.00  3.05  0.00  0.00  2.11  0.00
 1.88  0.00  2.73  0.00  0.00  2.52  0.00
 1.90  0.00  2.90  0.00  0.00  2.26  0.00
 1.92  0.00  2.14  0.00  0.00  2.59  0.00
 1.94  0.00  1.90  0.00  0.00  2.54  0.00
 1.96  0.00  2.01  0.00  0.03  2.14  0.00
 1.98  0.00  1.70  0.00  0.04  2.31  0.00
 2.00  0.00  1.12  0.00  0.03  2.73  0.00
 2.02  0.00  1.18  0.00  0.03  2.49  0.00
 2.04  0.00  1.08  0.00  0.04  2.56  0.00
 2.06  0.00  1.20  0.00  0.08  2.94  0.00
 2.08  0.00  0.81  0.00  0.05  2.18  0.00
 2.10  0.00  0.85  0.00  0.09  2.85  0.00
 2.12  0.00  0.93  0.00  0.26  2.26  0.00
 2.14  0.00  0.78  0.00  0.21  1.82  0.00
 2.16  0.00  0.70  0.00  0.29  2.04  0.00
 2.18  0.00  0.70  0.00  0.42  2.33  0.00
 2.20  0.00  0.65  0.00  0.44  1.71  0.00
 2.22  0.00  0.52  0.00  0.42  1.81  0.00
 2.24  0.00  0.40  0.00  0.61  2.01  0.00
 2.26  0.00  0.51  0.00  0.66  1.73  0.00
 2.28  0.00  0.45  0.00  0.70  1.73  0.00
 2.30  0.00  0.60  0.00  0.74  1.44  0.00
 2.32  0.00  0.36  0.00  1.02  1.52  0.00
 2.34  0.00  0.38  0.00  1.19  1.68  0.00
 2.36  0.00  0.42  0.00  1.15  1.14  0.18
 2.38  0.00  0.32  0.00  1.25  1.44  0.09
 2.40  0.00  0.32  0.00  1.19  1.25  0.00
 2.42  0.00  0.29  0.00  1.42  1.20  0.00
 2.44  0.00  0.21  0.00  1.38  1.08  0.17
 2.46  0.00  0.25  0.00  1.56  1.06  0.17
 2.48  0.00  0.27  0.04  1.74  1.03  0.08
 2.50  0.08  0.28  0.08  1.58  0.92  0.24
 2.52  0.00  0.29  0.08  1.50  0.91  0.08
 2.54  0.08  0.39  0.08  1.92  0.83  0.23
 2.56  0.00  0.31  0.04  1.93  1.15  0.38
 2.58  0.23  0.23  0.08  1.62  0.68  0.45
 2.60  0.15  0.31  0.26  1.71  0.83  0.07
 2.62  0.07  0.21  0.29  1.71  0.93  0.44
 2.64  0.36  0.28  0.22  2.10  0.88  0.58
 2.66  0.50  0.26  0.18  1.95  0.72  0.00
 2.68  0.35  0.24  0.38  1.62  0.83  0.28
 2.70  0.34  0.34  0.31  1.98  0.71  0.28
 2.72  0.75  0.23  0.68  1.95  0.63  0.27
 2.74  0.74  0.28  0.74  1.83  0.74  0.40
 2.76  0.59  0.30  0.92  1.81  0.63  0.46
 2.78  0.71  0.41  0.49  1.83  0.78  0.91
 2.80  0.58  0.21  0.70  1.84  0.63  0.70
 2.82  0.82  0.28  1.07  1.89  0.58  0.69
 2.84  1.06  0.29  0.84  1.81  0.60  0.69
 2.86  0.92  0.38  0.98  1.69  0.47  0.80
 2.88  1.64  0.35  1.18  1.62  0.41  0.85
 2.90  1.43  0.44  1.34  1.51  0.68  1.14
 2.92  1.30  0.35  1.00  1.44  0.64  0.71
 2.94  1.92  0.38  1.66  1.53  0.60  1.40
 2.96  1.61  0.29  1.52  1.59  0.66  1.43
 2.98  2.26  0.32  1.64  1.33  0.79  1.75
 3.00  1.90  0.37  1.73  1.56  0.56  1.79
 3.02  2.04  0.41  1.60  1.71  0.67  1.76
 3.04  2.07  0.41  1.77  1.25  0.83  1.25
 3.06  2.20  0.47  1.80  1.29  0.60  1.50
 3.08  2.39  0.44  2.39  1.15  0.49  1.96
 3.10  1.99  0.46  2.25  1.22  0.68  1.88
 3.12  2.79  0.53  2.22  1.31  0.58  1.40
 3.14  3.11  0.49  2.58  1.10  0.73  1.53
 3.16  2.47  0.44  2.09  1.23  0.80  1.71
 3.18  3.08  0.52  2.14  1.14  0.69  1.74
 3.20  2.46  0.46  2.14  1.15  0.71  1.57
 3.22  2.09  0.59  2.26  1.29  0.58  2.18
 3.24  2.44  0.54  2.44  1.10  0.77  1.92
 3.26  2.32  0.61  2.42  1.06  0.66  2.08
 3.28  2.62  0.62  2.34  1.06  0.66  2.20
 3.30  2.13  0.66  2.17  1.04  0.79  1.62
 3.32  2.10  0.53  2.35  1.01  0.80  1.51
 3.34  2.08  0.61  1.96  0.99  0.59  1.71
 3.36  1.87  0.63  2.43  0.98  0.63  1.78
 3.38  2.34  0.70  2.36  0.93  0.76  1.63
 3.40  2.05  0.78  2.44  0.91  0.64  1.31
 3.42  1.33  0.80  2.24  0.88  0.70  1.81
 3.44  2.13  0.70  2.17  0.83  0.63  1.83
 3.46  1.30  0.75  2.10  0.83  0.79  1.47
 3.48  1.29  0.78  2.39  0.89  0.69  1.79
 3.50  1.19  0.88  1.69  0.91  0.71  1.97
 3.52  1.38  0.84  2.09  0.89  0.67  1.95
 3.54  1.13  0.93  1.85  0.93  0.78  1.69
 3.56  0.95  1.03  1.93  0.88  0.84  1.75
 3.58  1.38  0.90  1.75  0.97  0.77  1.45
 3.60  1.17  0.89  1.19  0.81  0.89  1.52
 3.62  1.19  0.92  1.65  0.89  0.90  1.58
 3.64  1.18  1.12  1.52  0.98  0.69  2.02
 3.66  0.83  1.13  1.94  0.79  0.75  1.47
 3.68  1.00  1.13  1.69  0.84  0.85  1.67
 3.70  0.85  0.98  1.49  0.68  0.82  1.62
 3.72  0.95  1.00  1.37  0.79  0.99  1.42
 3.74  0.61  0.88  1.59  0.75  0.81  1.51
 3.76  1.00  1.17  1.37  0.74  0.90  1.35
 3.78  0.88  1.08  1.31  0.89  0.88  1.59
 3.80  0.84  1.20  1.13  0.74  1.02  1.68
 3.82  0.52  1.14  1.36  0.89  1.02  1.28
 3.84  0.65  1.29  1.25  0.88  0.84  1.06
 3.86  0.74  1.14  1.08  0.82  0.98  1.66
 3.88  0.64  1.35  0.82  0.78  0.89  1.00
 3.90  0.86  1.34  0.94  0.84  0.92  0.93
 3.92  0.62  1.15  0.85  0.84  0.92  0.85
 3.94  0.52  1.36  0.84  0.76  0.82  0.91
 3.96  0.71  1.26  1.00  0.72  1.08  1.03
 3.98  0.51  1.29  0.91  0.77  1.07  1.21
 4.00  0.73  1.30  0.69  0.77  1.05  1.04
 4.02  0.37  1.31  0.86  0.76  1.14  1.22
 4.04  0.80  1.50  0.96  0.82  1.07  1.02
 4.06  0.37  1.46  0.78  0.79  1.01  0.77
 4.08  0.58  1.46  0.79  0.79  1.23  0.88
 4.10  0.60  1.27  0.71  0.72  1.25  0.84
 4.12  0.56  1.43  0.71  0.77  1.13  0.92
 4.14  0.59  1.49  0.72  0.89  1.14  1.03
 4.16  0.41  1.40  0.83  0.84  1.36  0.96
 4.18  0.66  1.47  0.87  0.81  1.25  1.01
 4.20  0.54  1.32  0.64  0.77  1.20  0.60
 4.22  0.48  1.36  0.86  0.69  1.19  0.68
 4.24  0.51  1.52  0.70  0.79  1.25  0.93
 4.26  0.89  1.52  0.90  0.69  1.30  0.89
 4.28  0.50  1.20  0.90  0.81  1.31  0.52
 4.30  0.52  1.19  0.75  0.85  1.27  0.82
 4.32  0.62  1.30  0.70  0.78  1.20  0.57
 4.34  0.56  1.34  0.82  0.84  1.24  0.86
 4.36  0.48  1.50  0.80  0.88  1.37  0.69
 4.38  0.63  1.30  0.64  0.80  1.22  0.58
 4.40  0.81  1.26  0.59  0.80  1.29  0.83
 4.42  0.70  1.30  0.45  0.85  1.18  0.67
 4.44  0.56  1.18  0.61  0.77  1.32  0.82
 4.46  0.66  1.24  0.61  0.87  1.26  0.58
 4.48  0.83  1.24  0.65  0.90  1.27  0.83
 4.50  0.50  1.34  0.79  0.89  1.24  0.75
 4.52  0.57  1.22  0.63  0.88  1.31  0.57
 4.54  0.61  1.25  0.59  0.95  1.33  0.51
 4.56  0.75  1.28  0.61  0.86  1.26  0.58
 4.58  0.70  1.14  0.61  0.87  1.21  0.72
 4.60  0.74  1.20  0.57  0.88  1.18  0.67
 4.62  0.92  1.16  0.70  0.92  1.40  0.92
 4.64  0.63  1.05  0.66  0.86  1.24  0.66
 4.66  0.65  0.96  0.63  0.88  1.23  0.72
 4.68  0.74  0.99  0.70  0.99  1.22  0.46
 4.70  0.66  0.98  0.73  0.98  1.23  0.53
 4.72  0.82  1.11  0.53  0.97  1.20  0.75
 4.74  0.76  1.12  0.62  0.96  1.20  0.61
 4.76  0.71  1.03  0.60  0.94  1.15  0.78
 4.78  0.75  1.11  0.67  1.05  1.04  0.69
 4.80  0.77  0.96  0.73  0.94  1.18  0.88
 4.82  0.74  0.99  0.54  1.04  1.14  0.41
 4.84  0.75  1.07  0.75  1.04  1.27  0.88
 4.86  0.73  0.98  0.73  1.04  1.15  0.68
 4.88  0.81  0.99  0.79  1.03  1.15  0.64
 4.90  1.03  0.85  0.67  1.08  1.00  0.53
 4.92  0.94  0.98  0.72  1.20  1.01  0.71
 4.94  0.70  0.96  0.65  1.01  1.24  0.64
 4.96  1.09  0.89  0.73  1.13  1.03  0.55
 4.98  0.86  1.10  0.95  1.02  1.01  0.59
 5.00  0.91  0.99  0.80  1.06  1.14  0.61
 5.02  0.96  0.90  0.59  1.13  1.07  0.58
 5.04  0.88  0.94  0.75  1.17  1.11  0.58
 5.06  0.73  0.96  0.88  1.11  0.92  0.79
 5.08  0.78  0.97  0.82  1.06  1.09  0.69
 5.10  1.05  0.90  0.78  1.12  1.11  0.68
 5.12  0.71  0.84  0.70  1.08  1.02  0.79
 5.14  0.96  0.83  0.91  1.10  1.01  0.69
 5.16  1.04  1.01  0.74  1.21  1.03  0.53
 5.18  0.87  0.77  0.89  1.13  0.88  0.60
 5.20  0.88  0.88  0.94  1.13  0.93  0.64
 5.22  1.06  0.84  1.02  1.17  1.03  0.78
 5.24  1.14  0.88  0.82  1.14  0.96  0.75
 5.26  1.13  0.89  0.80  1.15  1.04  0.75
 5.28  1.09  0.84  0.95  1.09  0.96  0.78
 5.30  1.13  0.91  1.00  1.13  0.88  1.10
 5.32  1.09  0.85  0.89  1.16  0.89  0.73
 5.34  1.05  0.91  0.94  1.10  0.95  0.92
 5.36  1.11  0.74  1.20  1.17  0.89  1.02
 5.38  1.21  0.88  0.99  1.25  0.90  0.96
 5.40  1.34  0.83  0.82  1.15  0.98  0.99
 5.42  1.22  0.77  1.00  1.16  0.85  0.90
 5.44  1.38  0.87  1.01  1.09  0.90  0.99
 5.46  1.51  0.86  1.09  1.12  0.88  1.02
 5.48  1.33  0.86  1.04  1.13  0.91  0.72
 5.50  1.20  0.89  1.03  0.99  0.86  1.05
 5.52  1.13  0.80  1.21  1.20  0.79  1.21
 5.54  1.20  0.88  1.06  1.09  0.84  1.01
 5.56  1.18  0.86  1.03  1.13  0.88  1.26
 5.58  1.35  0.84  0.84  1.10  0.81  1.04
 5.60  1.18  0.81  1.24  1.11  0.84  0.95
 5.62  1.11  0.84  1.22  1.14  0.80  0.88
 5.64  1.34  0.83  1.16  1.08  0.84  0.94
 5.66  1.17  0.86  1.11  1.03  0.77  1.17
 5.68  1.40  0.77  1.02  1.08  0.84  1.05
 5.70  1.23  0.90  1.30  1.04  0.87  0.98
 5.72  1.27  0.88  1.18  1.15  0.86  1.14
 5.74  1.27  0.86  1.27  1.03  0.82  1.21
 5.76  1.40  0.83  1.34  1.03  0.85  1.08
 5.78  1.21  0.90  1.26  1.10  0.79  1.32
 5.80  1.23  0.86  1.40  1.12  0.78  1.25
 5.82  1.15  0.88  1.20  1.00  0.83  1.18
 5.84  1.14  0.82  1.14  1.07  0.82  1.19
 5.86  1.12  0.92  1.19  1.02  0.89  1.15
 5.88  1.35  0.83  1.08  0.98  0.80  1.14
 5.90  1.47  0.89  1.29  1.08  0.82  1.08
 5.92  1.07  0.83  1.31  0.98  0.86  1.16
 5.94  1.06  0.94  1.10  0.99  0.81  1.10
 5.96  1.18  0.84  1.24  0.97  0.80  1.21
 5.98  1.06  0.83  1.15  0.99  0.88  1.29
 6.00  1.17  0.96  1.22  0.97  0.88  1.08
 6.02  1.10  1.01  1.06  1.00  0.93  1.34
 6.04  1.12  0.98  1.21  0.95  0.89  1.55
 6.06  1.07  0.99  1.31  1.00  0.89  1.24
 6.08  0.97  0.97  1.20  1.06  0.88  1.22
 6.10  1.12  0.96  1.25  1.02  0.91  1.07
 6.12  1.12  0.91  1.23  1.04  0.96  1.08
 6.14  1.21  0.93  1.10  1.04  0.88  1.33
 6.16  0.89  1.02  1.17  1.01  0.90  1.11
 6.18  1.15  1.01  1.29  0.93  0.92  1.05
 6.20  1.24  0.99  1.19  0.96  0.93  1.26
 6.22  1.36  0.97  1.08  0.87  0.92  1.30
 6.24  0.87  1.00  1.20  0.98  0.93  1.20
 6.26  1.09  1.00  1.18  0.91  0.95  1.32
 6.28  1.03  1.04  1.17  0.95  1.01  1.31
 6.30  1.07  0.95  1.15  1.00  0.97  1.29
 6.32  0.94  1.03  1.04  0.94  1.02  1.03
 6.34  0.86  1.10  1.20  0.97  0.94  1.10
 6.36  1.06  1.05  1.07  0.96  0.99  0.99
 6.38  1.32  1.02  1.13  0.97  1.00  1.03
 6.40  1.05  1.12  1.06  0.93  0.97  1.20
 6.42  1.24  1.04  1.14  0.94  0.88  1.13
 6.44  0.94  1.13  0.99  0.95  1.00  1.05
 6.46  1.06  1.06  1.19  0.95  1.01  1.13
 6.48  1.00  1.00  1.01  0.87  0.97  1.02
 6.50  1.09  1.00  1.03  0.96  1.01  1.25
 6.52  0.82  1.03  0.87  0.95  1.04  1.24
 6.54  0.95  1.03  1.11  0.90  1.00  1.61
 6.56  0.74  1.14  0.86  0.91  1.03  1.07
 6.58  1.01  1.16  0.91  0.91  0.94  1.17
 6.60  0.86  1.14  0.99  0.92  1.05  1.13
 6.62  0.97  1.15  1.06  0.90  1.01  1.09
 6.64  1.03  1.12  1.08  0.94  1.08  1.17
 6.66  0.99  1.07  0.87  0.97  1.04  1.16
 6.68  0.98  1.05  0.89  0.91  1.00  1.11
 6.70  0.91  1.06  1.00  0.88  1.00  1.14
 6.72  0.84  1.16  0.89  0.97  1.06  1.21
 6.74  0.86  1.14  0.80  0.91  1.06  1.14
 6.76  0.88  1.04  0.89  0.92  1.13  0.91
 6.78  0.88  1.10  1.01  0.93  1.10  0.88
 6.80  0.91  1.16  1.03  1.01  1.03  1.06
 6.82  0.83  1.08  0.98  0.97  1.08  1.03
 6.84  0.96  1.05  0.89  0.94  1.08  1.12
 6.86  1.04  1.14  0.82  0.95  1.15  0.91
 6.88  1.00  1.06  0.99  0.93  1.08  1.08
 6.90  0.69  1.12  0.95  0.95  1.01  0.89
 6.92  0.85  1.06  0.76  0.94  1.05  0.85
 6.94  0.96  1.07  0.79  0.94  1.10  0.96
 6.96  0.90  1.15  0.83  0.91  1.08  1.09
 6.98  1.01  1.09  0.95  0.96  1.09  1.04
 7.00  0.92  0.99  0.87  0.93  1.07  1.05
 7.02  0.97  1.09  0.90  0.94  1.14  0.99
 7.04  0.99  1.08  0.97  0.94  1.06  1.15
 7.06  0.70  1.05  0.95  0.93  1.08  0.80
 7.08  0.95  1.01  0.79  0.93  1.14  1.00
 7.10  0.78  1.09  0.91  0.95  1.08  1.08
 7.12  0.98  1.03  0.91  1.02  1.10  1.07
 7.14  0.92  1.06  0.96  0.96  1.07  0.88
 7.16  0.93  1.08  1.03  0.97  1.04  0.88
 7.18  0.94  1.10  0.80  0.93  1.13  0.99
 7.20  0.91  1.07  0.82  0.96  1.12  0.87
 7.22  0.87  1.06  0.89  0.97  1.11  0.79
 7.24  0.87  1.06  0.84  0.99  1.04  1.04
 7.26  0.87  1.11  0.83  0.98  1.08  0.87
 7.28  0.84  1.03  0.76  1.01  1.08  0.97
 7.30  0.92  1.03  0.90  0.97  1.04  0.87
 7.32  1.01  1.09  0.96  1.04  1.13  0.78
 7.34  1.10  1.03  1.03  1.01  0.98  0.68
 7.36  0.85  1.03  0.88  0.98  1.01  0.72
 7.38  0.92  1.00  0.91  0.96  0.98  0.85
 7.40  0.83  0.97  0.89  1.03  0.99  0.75
 7.42  0.88  0.97  0.93  1.02  0.98  0.99
 7.44  0.82  1.04  0.89  0.99  1.05  0.88
 7.46  0.92  1.03  1.03  1.03  1.11  0.86
 7.48  0.84  1.02  0.90  0.98  1.12  0.86
 7.50  0.86  1.00  0.83  0.96  1.00  1.00
 7.52  1.20  0.99  0.91  0.99  1.08  0.91
 7.54  1.00  0.99  1.00  1.03  1.02  0.68
 7.56  1.05  1.04  0.81  1.03  0.95  0.97
 7.58  0.87  0.96  0.83  1.03  1.03  0.85
 7.60  0.98  0.94  0.94  1.03  1.08  0.82
 7.62  0.93  0.98  0.91  1.03  1.06  0.92
 7.64  1.02  1.02  0.86  1.00  1.02  0.90
 7.66  1.01  0.93  0.82  1.06  1.05  0.88
 7.68  1.00  1.00  0.85  1.00  1.01  0.94
 7.70  1.00  0.96  0.84  1.03  1.05  0.88
 7.72  1.05  0.98  0.87  1.07  1.02  0.85
 7.74  0.96  0.95  0.98  1.09  1.04  0.94
 7.76  0.85  1.00  0.93  1.05  0.98  0.97
 7.78  0.95  0.94  0.92  1.02  0.92  0.92
 7.80  1.08  0.90  0.94  1.09  1.01  0.91
 7.82  1.14  0.93  1.03  1.09  1.04  0.88
 7.84  0.87  0.97  0.95  1.04  1.03  0.81
 7.86  1.32  1.03  1.06  1.02  0.93  1.03
 7.88  1.15  0.93  1.10  1.02  1.01  0.92
 7.90  0.93  0.91  0.99  1.02  0.97  0.79
 7.92  1.16  0.95  0.93  1.05  1.00  0.88
 7.94  1.03  0.92  0.98  1.02  0.97  0.98
 7.96  1.09  0.96  0.90  1.04  0.99  1.00
 7.98  1.03  0.91  1.11  1.04  0.96  0.86
 8.00  1.04  0.99  0.92  1.00  0.96  0.89
 8.02  1.01  0.92  1.00  1.05  0.96  1.10
 8.04  1.12  0.97  0.92  1.06  0.93  1.04
 8.06  0.84  0.94  1.01  1.07  0.99  0.94
 8.08  0.98  0.91  1.11  1.05  0.97  0.97
 8.10  0.91  0.95  1.01  1.00  0.93  0.87
 8.12  0.97  1.02  1.05  1.03  0.89  0.91
 8.14  0.91  0.94  1.18  1.06  0.99  0.91
 8.16  1.07  0.98  0.99  1.02  0.94  1.10
 8.18  1.14  0.97  1.08  1.01  0.91  1.06
 8.20  1.00  1.00  0.98  1.04  0.96  1.09
 8.22  1.06  0.96  1.12  0.99  0.96  1.00
 8.24  1.02  0.96  1.05  1.06  0.96  1.06
 8.26  1.05  1.02  1.16  0.98  0.99  0.92
 8.28  1.11  0.91  1.04  1.05  0.94  0.96
 8.30  0.91  0.97  0.98  1.01  0.97  1.06
 8.32  1.19  0.92  0.99  1.00  0.89  1.00
 8.34  1.13  0.92  1.03  1.04  0.95  1.01
 8.36  1.01  0.98  1.06  1.06  0.96  1.05
 8.38  0.92  0.93  1.01  0.99  0.96  0.98
 8.40  1.02  0.93  1.06  1.01  0.98  1.08
 8.42  1.07  0.87  0.95  0.96  0.94  0.86
 8.44  1.11  0.95  1.19  1.00  0.89  1.11
 8.46  1.15  0.97  1.06  1.04  0.99  1.01
 8.48  1.02  1.04  1.11  1.00  0.96  1.14
 8.50  1.03  1.00  1.22  1.01  0.98  0.93
 8.52  0.87  0.93  1.11  1.07  0.90  1.04
 8.54  1.11  0.94  0.99  0.98  0.94  1.08
 8.56  1.00  1.00  1.09  1.04  0.98  1.16
 8.58  1.13  0.91  1.06  1.03  0.95  0.96
 8.60  0.80  0.98  0.95  0.99  0.90  1.01
 8.62  0.99  0.98  1.10  1.08  0.90  0.98
 8.64  1.14  0.92  1.14  0.95  0.93  1.07
 8.66  1.08  0.96  1.05  1.02  0.90  1.11
 8.68  1.22  0.95  1.07  1.01  0.96  1.17
 8.70  0.93  1.01  1.02  1.01  0.99  1.07
 8.72  1.11  0.98  1.17  1.03  1.00  0.92
 8.74  1.00  0.99  0.95  1.00  0.94  1.12
 8.76  1.00  0.94  1.06  0.93  1.02  1.14
 8.78  0.92  1.03  1.03  0.95  0.95  1.14
 8.80  1.09  1.02  1.11  0.98  1.00  1.32
 8.82  1.02  1.00  0.98  0.98  0.94  1.11
 8.84  1.12  1.08  1.13  0.96  0.98  0.93
 8.86  1.11  0.99  0.99  1.00  0.92  1.12
 8.88  1.08  1.02  1.06  1.04  1.02  0.97
 8.90  1.15  1.01  1.03  0.97  0.98  1.08
 8.92  1.02  0.99  1.04  0.97  0.95  1.08
 8.94  1.12  0.98  1.10  0.99  1.00  1.18
 8.96  0.94  1.02  0.98  0.98  1.00  0.95
 8.98  0.91  1.00  1.01  0.95  0.98  0.82
 9.00  1.08  1.07  1.05  0.97  1.00  1.11
 9.02  0.81  1.03  1.07  0.98  0.96  1.05
 9.04  1.02  1.00  0.97  0.99  1.01  0.95
 9.06  1.06  1.04  1.11  0.94  1.01  0.98
 9.08  1.11  1.04  0.99  1.02  1.00  1.02
 9.10  1.10  0.98  0.99  1.00  0.99  1.13
 9.12  0.94  0.98  1.12  1.00  1.04  1.09
 9.14  0.84  1.03  1.18  0.98  0.99  1.04
 9.16  0.97  1.03  1.10  0.97  0.99  0.91
 9.18  1.04  1.05  1.01  0.96  0.95  1.10
 9.20  0.98  1.05  1.03  0.93  1.05  0.96
 9.22  0.96  1.04  1.03  1.00  0.96  1.12
 9.24  0.96  1.06  0.92  0.98  1.06  0.85
 9.26  1.05  1.01  1.09  0.98  1.00  1.07
 9.28  1.07  1.02  0.95  0.94  1.03  1.07
 9.30  1.02  1.01  1.03  0.95  1.03  1.06
 9.32  0.94  1.06  0.98  0.95  0.99  0.96
 9.34  0.98  0.99  0.98  0.99  1.04  1.09
 9.36  0.98  1.01  0.93  0.97  1.02  1.08
 9.38  0.90  1.06  0.92  0.95  1.03  0.93
 9.40  0.82  1.06  0.94  0.99  1.04  1.07
 9.42  1.09  1.02  0.98  0.97  1.01  1.01
 9.44  1.12  1.00  0.99  0.99  1.01  1.00
 9.46  1.00  0.97  0.95  1.00  0.97  0.99
 9.48  0.94  0.97  0.94  1.01  1.02  0.90
 9.50  1.02  1.00  0.99  0.97  1.08  0.99
 9.52  0.92  0.99  0.95  0.97  1.03  1.06
 9.54  0.98  1.00  1.00  0.96  0.99  1.08
 9.56  0.99  1.03  0.98  1.00  1.01  0.98
 9.58  0.94  1.07  0.99  0.98  0.97  0.93
 9.60  1.08  0.97  1.01  0.95  0.97  0.89
 9.62  1.01  1.03  0.98  0.94  1.06  1.01
 9.64  0.84  1.00  0.97  0.98  1.02  1.19
 9.66  1.03  1.01  0.88  0.99  1.03  1.09
 9.68  1.04  1.01  0.94  1.03  1.00  1.03
 9.70  0.96  1.05  0.95  0.99  1.00  0.97
 9.72  1.00  1.00  0.99  0.96  1.05  0.97
 9.74  0.95  1.04  1.01  1.00  1.11  0.96
 9.76  0.93  1.07  1.03  1.03  1.05  1.02
 9.78  0.94  0.99  0.95  1.01  1.00  1.05
 9.80  0.87  1.07  1.02  0.98  1.09  0.99
 9.82  0.92  1.00  0.94  0.96  1.03  0.88
 9.84  0.95  1.01  0.96  0.98  1.02  1.02
 9.86  0.90  1.01  0.91  0.99  1.06  0.96
 9.88  1.20  0.99  0.93  1.00  1.05  1.01
 9.90  0.94  1.04  0.96  0.99  1.02  0.91
 9.92  0.91  1.03  0.95  1.01  1.08  1.01
 9.94  0.91  1.03  0.99  0.96  1.03  0.82
 9.96  0.95  0.95  0.98  1.03  1.03  1.08
 9.98  0.92  1.03  0.96  1.05  1.03  1.07
10.00  0.94  1.01  1.04  1.02  0.94  0.87
10.02  1.10  1.01  0.90  0.99  1.03  0.92
10.04  0.99  1.04  1.01  0.99  1.01  0.95
10.06  1.01  1.03  0.96  1.04  0.99  1.01
10.08  0.92  1.01  0.88  0.99  1.02  0.98
10.10  0.97  1.00  0.90  0.98  1.07  0.93
10.12  1.05  1.01  0.93  1.02  1.04  0.86
10.14  1.02  1.00  0.97  1.02  1.01  1.00
10.16  0.94  0.99  0.96  1.08  0.98  0.88
10.18  0.86  0.96  0.94  0.97  1.03  0.98
10.20  0.86  1.03  0.98  0.99  1.00  0.91
10.22  0.89  0.99  0.97  0.97  0.98  0.91
10.24  1.06  0.97  1.06  0.99  1.05  0.96
10.26  1.01  0.98  0.98  0.97  0.98  0.87
10.28  1.00  0.96  1.01  1.01  0.99  1.02
10.30  1.03  0.98  1.01  1.01  1.04  0.93
10.32  1.12  1.00  1.05  1.04  0.99  0.91
10.34  1.06  1.05  0.95  1.06  1.03  0.96
10.36  1.12  0.95  0.92  0.97  1.01  0.94
10.38  0.90  1.02  0.95  0.96  1.02  1.05
10.40  0.86  1.01  1.04  1.05  0.97  1.07
10.42  1.00  1.01  1.01  0.99  1.00  0.93
10.44  0.98  1.00  0.97  0.99  1.02  0.99
10.46  0.95  1.03  1.09  1.01  1.01  0.97
10.48  0.96  0.99  0.96  1.02  1.02  1.08
10.50  1.02  0.97  1.00  0.99  0.97  0.83
10.52  0.98  1.02  0.92  1.00  1.01  1.03
10.54  0.89  0.99  1.01  1.04  1.00  0.95
10.56  1.10  0.99  1.00  1.03  0.95  1.01
10.58  1.19  0.99  0.92  0.99  1.01  0.97
10.60  0.96  0.99  1.02  1.01  1.02  1.02
10.62  0.85  0.94  0.98  1.05  1.01  1.04
10.64  1.04  1.01  1.03  1.03  0.98  1.09
10.66  0.88  1.02  1.07  1.03  1.01  0.99
10.68  1.09  0.96  1.00  0.99  0.96  1.05
10.70  1.08  0.93  1.02  1.00  0.99  0.93
10.72  1.09  1.00  1.03  1.02  1.00  1.00
10.74  0.99  0.92  1.01  1.01  1.01  0.94
10.76  0.98  0.98  0.96  0.98  0.99  0.97
10.78  1.04  0.99  0.88  0.99  1.00  1.00
10.80  0.95  0.91  1.00  1.02  1.01  1.07
10.82  1.07  1.00  0.99  0.99  0.97  0.96
10.84  0.94  0.97  1.03  1.01  0.94  0.91
10.86  0.95  0.98  0.97  1.01  0.93  0.89
10.88  1.00  0.98  1.04  0.99  0.97  0.90
10.90  1.03  0.96  0.97  1.01  0.95  0.95
10.92  1.11  0.99  1.02  1.03  1.04  1.00
10.94  1.07  1.02  1.11  1.02  0.99  1.00
10.96  1.02  0.96  1.05  1.00  0.98  0.96
10.98  0.90  0.98  1.01  1.02  0.94  1.11
11.00  1.00  0.96  1.01  1.00  0.99  1.02
11.02  1.02  0.97  1.02  1.01  0.98  0.97
11.04  0.96  0.95  1.07  1.00  0.97  1.03
11.06  0.95  0.99  0.95  1.03  0.96  1.11
11.08  0.99  1.01  0.94  0.99  0.99  1.01
11.10  1.01  0.97  0.98  1.04  0.98  0.80
11.12  0.89  1.00  1.09  1.01  0.97  0.96
11.14  1.10  0.98  1.01  0.97  0.92  0.95
11.16  1.01  1.03  1.04  1.03  1.00  1.00
11.18  1.13  0.99  1.02  0.98  0.99  0.95
11.20  1.05  0.96  1.02  0.99  0.98  0.94
11.22  0.91  1.00  1.01  0.99  0.98  1.15
11.24  0.99  1.08  0.99  1.02  0.98  0.98
11.26  1.01  1.02  0.96  1.01  0.96  1.09
11.28  0.97  0.98  1.07  1.00  0.93  0.99
11.30  1.13  0.93  1.02  1.00  0.96  1.07
11.32  0.96  1.00  0.97  1.01  1.02  1.03
11.34  1.05  0.96  1.06  1.00  0.99  1.06
11.36  1.06  1.02  0.95  1.00  1.02  1.01
11.38  1.02  1.06  1.08  1.03  1.02  1.06
11.40  0.97  0.99  1.01  0.99  0.96  1.07
11.42  1.09  0.98  1.03  1.01  1.00  1.00
11.44  0.93  1.02  1.06  0.99  1.00  1.08
11.46  0.94  0.99  1.00  0.98  0.99  1.11
11.48  1.04  0.97  0.96  1.00  0.99  1.01
11.50  1.00  0.98  1.02  1.00  1.01  1.04
11.52  1.04  0.98  1.11  1.01  0.97  0.98
11.54  1.13  0.94  1.06  1.02  0.94  1.16
11.56  0.98  0.99  1.00  0.99  0.99  0.95
11.58  0.93  1.01  1.07  0.98  1.01  1.06
11.60  1.01  0.99  0.97  0.98  1.01  1.03
11.62  0.88  0.99  1.05  1.01  1.03  1.06
11.64  1.00  1.02  1.04  1.00  0.95  0.90
11.66  0.97  1.02  1.03  0.99  1.03  1.05
11.68  1.00  0.98  1.06  0.95  1.01  0.99
11.70  1.03  1.02  0.99  1.01  0.99  1.09
11.72  1.01  1.04  1.06  0.99  0.99  1.02
11.74  0.98  1.00  1.02  0.98  0.97  1.01
11.76  1.04  1.02  1.01  1.03  0.97  1.01
11.78  1.01  0.98  1.02  0.99  1.03  1.02
11.80  1.13  1.01  1.06  0.96  0.98  1.08
11.82  0.95  1.01  0.93  0.97  1.02  1.01
11.84  1.06  0.97  0.97  0.98  0.98  0.96
11.86  1.02  0.98  0.97  0.96  0.99  1.00
11.88  1.00  1.02  1.02  0.99  0.98  0.95
11.90  0.96  0.98  1.00  1.01  0.97  1.00
11.92  0.95  0.99  1.02  0.97  1.01  1.07
11.94  0.95  0.99  0.99  0.97  1.06  1.07
11.96  0.97  1.03  1.00  1.03  1.01  1.04
11.98  0.97  0.99  0.97  0.99  1.04  0.90
12.00  1.06  1.00  1.05  1.01  0.97  1.02
12.02  0.93  1.03  0.99  1.01  0.98  1.01
12.04  1.02  1.04  0.95  0.99  0.97  0.98
12.06  1.04  1.02  0.92  0.98  1.04  0.98
12.08  1.02  1.06  1.00  1.01  1.01  0.94
12.10  1.01  1.01  0.97  1.02  1.05  1.12
12.12  0.98  0.99  0.93  0.97  1.00  1.01
12.14  1.02  0.99  0.89  0.97  1.02  0.94
12.16  1.03  0.98  1.02  0.99  1.01  0.95
12.18  1.00  1.00  1.00  1.00  1.03  1.04
12.20  1.03  1.06  0.97  1.00  1.03  1.03
12.22  0.95  1.01  1.03  1.01  1.04  0.82
12.24  1.03  0.99  0.99  1.00  1.03  1.00
12.26  0.93  1.05  0.93  0.98  1.02  0.92
12.28  0.90  1.03  1.00  0.98  1.00  0.98
12.30  0.88  0.99  1.01  0.98  1.00  1.00
12.32  1.04  1.01  1.03  0.99  0.93  0.99
12.34  1.00  1.02  1.01  1.01  1.02  0.99
12.36  0.98  0.97  0.99  1.00  1.00  1.03
12.38  0.95  0.98  1.00  0.97  1.03  0.96
12.40  0.98  1.01  0.93  0.99  0.99  1.04
12.42  1.06  1.01  0.99  0.99  1.02  1.02
12.44  1.06  1.02  1.00  1.01  1.02  0.87
12.46  1.00  1.02  1.02  1.01  1.04  0.98
12.48  0.94  1.05  1.01  0.99  1.00  1.00
12.50  1.02  0.96  0.94  1.01  1.01  1.13
12.52  1.12  1.02  0.97  1.02  0.99  1.02
12.54  1.06  0.98  0.97  0.98  1.02  0.99
12.56  0.99  0.98  0.98  1.01  0.99  1.02
12.58  1.02  0.99  0.94  0.96  1.00  1.02
12.60  0.99  1.05  0.95  0.97  0.97  0.97
12.62  1.06  1.00  0.99  1.03  1.00  1.05
12.64  1.07  1.00  0.98  1.00  1.06  1.03
12.66  1.08  0.99  1.00  0.99  1.02  1.04
12.68  0.93  0.99  0.95  0.98  0.97  0.98
12.70  0.97  1.00  1.00  0.99  1.01  0.93
12.72  1.00  0.99  1.02  0.95  0.97  1.06
12.74  0.99  0.98  0.96  0.99  0.98  0.98
12.76  1.01  0.97  1.00  1.04  1.00  0.99
12.78  0.99  1.00  0.95  0.98  1.05  1.03
12.80  0.93  1.00  0.98  1.01  0.97  1.04
12.82  0.95  1.00  0.96  0.99  1.02  0.98
12.84  0.95  1.00  1.01  0.99  1.00  1.05
12.86  1.02  1.03  0.99  1.03  1.05  0.99
12.88  0.92  1.02  0.97  0.99  0.95  0.92
12.90  1.04  1.01  1.05  0.98  0.99  0.96
12.92  0.95  1.00  1.05  1.01  1.01  0.98
12.94  1.08  0.99  1.00  1.01  1.02  1.03
12.96  0.92  1.01  0.94  1.01  1.00  0.99
12.98  0.97  1.01  1.02  1.00  1.00  1.03
13.00  1.01  0.99  0.92  1.00  1.00  0.99
13.02  0.93  0.95  1.01  1.01  1.03  1.01
13.04  0.99  1.00  1.00  1.03  1.01  0.97
13.06  0.93  1.01  1.00  0.99  1.07  0.98
13.08  0.93  1.00  0.92  1.00  1.00  1.04
13.10  0.99  0.99  1.02  0.99  1.01  0.92
13.12  1.06  1.01  0.99  0.99  1.01  1.09
13.14  0.96  1.03  1.08  1.02  1.03  0.96
13.16  1.07  0.97  1.02  0.99  1.00  1.01
13.18  1.00  1.00  0.97  1.01  0.96  1.00
13.20  0.95  1.03  1.03  1.00  0.99  0.94
13.22  1.07  0.99  0.99  0.97  0.93  1.08
13.24  0.95  0.98  1.04  1.00  0.96  0.90
13.26  0.94  1.00  0.98  1.03  1.00  0.99
13.28  1.00  0.96  0.97  0.99  1.03  1.00
13.30  1.00  0.98  1.01  0.98  0.96  0.98
13.32  1.08  1.01  0.98  1.00  0.96  1.04
13.34  0.96  0.97  1.00  1.00  1.00  0.96
13.36  0.97  0.99  1.03  1.03  0.97  1.00
13.38  1.06  1.00  1.07  1.01  1.00  0.93
13.40  0.87  1.01  0.95  1.01  0.99  0.98
13.42  0.98  1.02  0.95  1.02  1.00  1.05
13.44  0.98  1.02  0.99  1.00  1.01  1.01
13.46  0.96  1.02  1.07  0.98  0.98  0.93
13.48  0.94  1.02  1.02  0.99  1.06  0.96
13.50  1.05  0.99  1.04  1.02  0.98  0.99
13.52  0.89  0.96  1.00  1.00  1.03  0.96
13.54  1.00  1.01  0.95  0.96  1.02  0.93
13.56  0.95  0.99  1.02  1.00  0.98  1.01
13.58  1.01  0.97  1.03  1.01  0.98  1.00
13.60  1.10  0.99  1.05  1.02  1.00  1.10
13.62  1.08  1.00  0.99  1.02  0.99  0.98
13.64  1.05  0.96  0.96  1.00  1.02  0.97
13.66  1.08  0.98  1.02  1.01  0.99  0.92
13.68  0.99  0.98  1.03  1.03  0.99  1.06
13.70  0.98  1.01  1.02  1.00  1.02  1.08
13.72  1.10  1.00  0.96  1.03  0.96  1.03
13.74  0.98  0.96  0.95  1.02  1.00  0.96
13.76  1.03  0.99  1.01  0.98  0.99  0.93
13.78  1.00  0.97  0.95  1.00  0.97  1.04
13.80  1.02  1.00  1.00  0.96  0.99  0.93
13.82  0.90  1.01  0.99  1.00  0.99  1.00
13.84  1.11  0.96  1.02  0.97  0.96  0.95
13.86  0.98  0.97  1.03  1.01  1.01  0.99
13.88  1.04  0.98  1.00  0.99  1.00  1.00
13.90  0.96  1.00  1.01  1.01  0.94  0.90
13.92  0.96  0.99  0.98  0.99  1.01  1.05
13.94  1.01  1.01  1.01  0.99  0.98  1.04
13.96  0.94  1.01  0.96  1.00  0.99  1.02
13.98  1.01  1.03  0.97  0.99  0.99  1.01
14.00  1.06  0.98  1.00  1.05  0.97  1.05
14.02  1.06  0.98  0.99  0.98  1.01  0.99
14.04  0.98  1.00  1.08  1.01  1.00  1.00
14.06  0.99  1.02  1.02  1.01  1.02  1.00
14.08  1.00  0.96  1.05  0.99  0.99  1.03
14.10  0.98  1.00  1.02  1.00  0.99  1.01
14.12  1.02  1.02  1.04  1.00  0.99  0.94
14.14  0.93  1.03  1.06  1.03  1.02  0.92
14.16  0.98  0.99  1.01  0.99  0.98  0.99
14.18  0.94  0.98  1.08  1.00  1.00  1.03
14.20  1.00  1.01  0.98  1.01  0.96  1.08
14.22  1.02  0.99  1.00  0.98  0.97  1.08
14.24  0.97  1.02  1.04  0.99  0.99  0.98
14.26  0.83  0.98  0.99  1.01  0.99  1.01
14.28  1.01  0.99  0.90  0.98  0.98  1.01
14.30  1.11  0.99  1.05  1.00  1.00  0.98
14.32  1.12  1.00  1.04  1.00  1.02  0.99
14.34  1.06  1.02  1.01  0.95  0.98  0.98
14.36  1.06  1.00  1.02  0.98  1.01  1.04
14.38  0.99  1.01  1.01  1.00  1.03  0.97
14.40  0.89  0.95  1.06  1.00  1.00  0.96
14.42  1.01  0.99  1.00  0.97  1.00  1.04
14.44  0.95  0.99  0.99  1.01  1.01  0.98
14.46  0.91  1.04  0.99  1.02  0.99  0.94
14.48  0.99  1.00  1.00  0.96  1.03  1.01
14.50  0.99  1.04  1.03  1.02  1.00  1.03
14.52  1.10  0.99  0.99  0.97  1.04  1.02
14.54  1.00  0.98  1.00  0.98  1.00  0.98
14.56  0.94  0.99  1.03  0.98  0.99  0.96
14.58  1.03  1.01  1.02  0.98  0.98  0.92
14.60  1.03  0.98  1.00  1.00  1.01  1.01
14.62  0.99  0.97  0.99  1.04  0.98  1.01
14.64  1.04  1.02  1.03  0.98  1.00  1.06
14.66  0.92  1.00  1.05  1.03  0.99  1.01
14.68  1.04  1.03  1.00  0.99  0.98  1.04
14.70  1.05  1.01  0.96  0.98  1.04  0.98
14.72  0.98  1.00  1.02  1.00  0.99  1.05
14.74  0.98  1.04  1.00  0.98  1.02  0.97
14.76  0.99  1.01  1.04  1.01  1.01  1.03
14.78  0.93  1.01  0.96  1.00  1.00  0.95
14.80  1.01  0.96  0.99  0.98  1.00  1.03
14.82  0.99  0.96  0.99  0.98  1.00  1.01
14.84  1.02  1.00  0.99  0.99  0.97  0.99
14.86  1.12  1.00  0.98  1.02  1.02  0.97
14.88  0.98  0.98  1.00  1.02  0.99  1.02
14.90  1.00  1.01  1.00  0.98  1.04  1.08
14.92  1.05  1.00  0.98  1.00  1.00  1.01
14.94  0.95  1.01  1.03  1.01  0.99  0.99
14.96  0.94  0.99  1.01  0.97  0.98  0.99
14.98  0.90  1.02  0.99  1.00  1.02  1.03
15.00  0.96  0.97  0.96  0.99  1.03  1.00
15.02  1.04  0.98  1.00  1.00  1.00  0.96
15.04  0.98  0.98  1.00  1.00  0.98  1.03
15.06  0.99  1.03  1.05  0.97  0.98  0.95
15.08  1.10  0.99  0.98  0.99  0.99  1.06
15.10  0.98  0.98  1.06  0.97  0.99  0.98
15.12  0.90  1.04  0.97  1.00  0.98  0.92
15.14  0.88  1.01  0.99  1.02  1.00  0.92
15.16  1.03  1.01  1.01  1.02  1.03  1.02
15.18  1.02  1.02  0.96  1.01  1.01  1.03
15.20  0.94  1.01  0.99  1.01  1.02  0.99
15.22  0.95  1.01  0.96  0.99  0.96  1.09
15.24  0.99  0.99  1.02  1.01  1.00  0.95
15.26  1.00  1.03  0.98  1.00  1.00  0.98
15.28  0.97  1.00  0.98  0.99  1.03  0.96
15.30  0.95  0.99  1.00  1.03  1.01  0.96
15.32  0.98  0.99  0.97  0.98  1.04  0.92
15.34  1.01  0.98  0.97  1.00  1.03  0.96
15.36  1.00  1.00  0.96  1.02  0.98  1.01
15.38  1.01  1.01  0.98  0.97  1.01  1.03
15.40  1.05  0.97  1.00  1.00  1.01  0.95
15.42  0.99  0.96  1.04  1.01  1.01  0.94
15.44  0.98  1.00  0.96  0.98  1.00  0.98
15.46  0.97  0.99  0.96  0.99  0.98  0.91
15.48  0.99  1.01  0.93  1.01  1.01  0.99
15.50  0.96  0.99  1.00  1.00  0.99  1.02
15.52  1.00  1.00  1.01  1.01  0.99  1.01
15.54  1.07  0.99  0.98  1.00  1.00  1.04
15.56  0.97  1.02  1.01  1.01  1.00  1.04
15.58  1.00  1.01  1.03  0.99  0.99  1.04
15.60  1.01  1.02  0.90  0.98  1.01  0.92
15.62  1.04  1.01  1.00  0.99  0.99  1.00
15.64  0.90  1.02  1.05  1.00  1.04  1.01
15.66  1.00  1.02  1.04  1.00  0.98  0.90
15.68  1.03  1.02  1.02  1.01  0.98  1.00
15.70  0.99  1.04  1.02  0.99  1.02  1.07
15.72  1.05  0.97  1.02  0.99  1.02  1.00
15.74  0.95  0.99  1.06  1.02  1.00  1.01
15.76  0.96  0.98  1.03  0.99  1.02  1.02
15.78  0.99  1.01  0.98  1.00  0.99  0.99
15.80  0.97  0.98  1.07  1.01  0.99  1.03
15.82  0.95  1.00  0.99  1.01  1.02  1.01
15.84  0.99  1.01  1.03  0.99  1.04  0.99
15.86  1.01  0.98  1.00  0.98  0.98  1.03
15.88  1.05  1.00  0.99  0.99  0.98  0.99
15.90  0.99  1.00  0.98  1.02  0.97  1.05
15.92  1.02  0.98  0.96  1.00  1.01  0.95
15.94  0.98  0.98  1.02  1.00  1.00  0.98
15.96  0.94  1.00  0.96  1.01  1.00  1.02
15.98  1.02  1.00  0.99  0.99  1.01  0.98
16.00  0.97  0.99  0.99  1.02  0.98  0.98
16.02  1.02  0.98  1.04  1.01  0.99  0.99
16.04  0.99  0.97  1.00  1.00  1.00  1.00
16.06  0.94  0.98  1.02  1.01  1.01  1.02
16.08  0.99  0.99  1.00  1.01  0.99  0.99
16.10  1.03  0.99  1.04  0.98  1.00  0.94
16.12  0.92  0.98  1.00  1.00  0.99  1.01
16.14  1.03  1.02  0.95  0.96  1.03  1.05
16.16  1.05  0.99  1.02  1.04  0.99  1.01
16.18  0.98  1.01  0.94  1.00  1.00  1.06
16.20  1.02  0.97  1.03  0.99  1.01  1.02
16.22  1.03  1.01  1.01  1.01  1.01  0.99
16.24  0.98  1.00  1.02  1.00  1.02  1.07
16.26  1.01  1.02  1.05  0.99  1.01  1.03
16.28  0.99  1.01  1.01  0.99  1.01  0.98
16.30  1.02  0.97  1.03  1.00  0.97  0.99
16.32  0.98  0.98  1.02  1.01  0.98  1.00
16.34  0.99  1.02  0.99  0.99  1.01  0.99
16.36  0.98  0.99  1.06  1.01  1.01  1.00
16.38  0.98  0.99  0.98  1.01  0.99  1.04
16.40  0.99  0.97  0.95  0.99  1.00  1.01
16.42  1.02  1.00  1.01  1.00  1.00  0.98
16.44  1.11  1.01  1.05  0.99  0.97  1.01
16.46  0.99  0.99  0.95  1.00  0.96  1.00
16.48  1.00  1.00  0.91  1.00  0.99  0.96
16.50  1.02  0.99  0.95  1.00  0.99  0.90
16.52  1.01  1.01  1.04  1.00  0.99  1.03
16.54  1.03  0.99  0.98  1.02  0.97  1.01
16.56  1.02  1.01  0.95  0.99  1.02  0.98
16.58  1.01  0.99  0.97  0.97  1.01  1.01
16.60  1.00  0.99  1.03  0.99  1.00  1.00
16.62  0.94  0.96  0.99  0.99  0.98  1.00
16.64  1.03  1.02  0.99  1.00  0.98  1.07
16.66  1.05  1.04  1.04  1.02  1.02  1.07
16.68  0.98  1.01  1.02  1.00  0.98  0.99
16.70  1.00  0.97  1.03  1.00  0.98  1.03
16.72  0.94  0.98  0.94  1.00  0.99  0.98
16.74  0.99  1.01  0.99  1.02  0.98  0.92
16.76  1.08  0.98  0.90  0.98  1.02  0.92
16.78  0.93  1.01  0.97  1.01  0.99  1.05
16.80  1.06  0.98  1.03  1.00  1.02  0.95
16.82  1.03  1.01  0.96  0.98  1.02  0.99
16.84  1.00  1.00  1.06  1.02  0.99  1.01
16.86  1.04  1.00  1.00  0.98  0.97  1.00
16.88  1.02  0.99  1.00  0.99  0.97  0.98
16.90  0.97  1.00  0.99  0.99  0.99  1.01
16.92  0.97  1.01  1.00  0.99  1.02  0.98
16.94  1.04  1.03  1.01  0.98  0.99  1.01
16.96  0.98  0.98  0.99  1.02  1.01  1.04
16.98  0.96  1.00  0.95  1.02  0.97  0.95
17.00  1.02  1.01  1.01  1.01  0.98  0.97
17.02  1.02  1.01  1.01  1.02  1.00  1.04
17.04  1.04  0.99  1.02  1.01  0.97  0.96
17.06  1.00  1.01  0.97  0.98  0.99  1.11
17.08  0.97  0.98  1.02  0.98  1.03  1.04
17.10  0.99  1.04  0.98  0.99  1.00  0.98
17.12  1.02  1.02  0.97  1.00  0.99  1.00
17.14  1.05  0.99  1.06  1.00  0.98  1.02
17.16  1.06  0.99  0.92  1.00  0.99  1.00
17.18  1.01  1.02  1.01  1.01  1.02  0.98
17.20  0.96  0.99  0.98  1.00  1.02  1.04
17.22  1.04  1.02  1.00  1.02  0.99  0.96
17.24  0.97  1.01  1.01  0.99  1.01  0.99
17.26  0.97  0.99  1.05  1.00  0.99  1.02
17.28  1.00  1.01  0.99  1.02  1.03  0.98
17.30  1.07  1.01  0.99  1.01  0.98  1.05
17.32  0.92  1.01  0.99  1.00  0.99  1.03
17.34  1.01  0.99  1.05  0.98  1.00  0.98
17.36  1.01  1.00  1.02  1.00  1.00  0.97
17.38  1.00  0.99  0.98  0.99  0.98  1.01
17.40  0.92  1.00  1.02  1.00  1.00  0.94
17.42  0.99  1.00  1.01  0.99  1.00  1.01
17.44  1.01  0.99  1.02  0.98  0.98  1.05
17.46  0.96  0.98  0.97  0.99  1.00  0.95
17.48  1.03  1.01  0.99  0.99  1.01  0.95
17.50  0.97  0.99  0.99  0.99  0.98  1.03
17.52  0.95  1.00  1.04  0.97  1.01  0.98
17.54  0.97  1.02  0.97  0.99  1.01  1.02
17.56  1.03  0.98  1.02  0.97  1.00  1.01
17.58  0.99  0.98  0.99  0.99  1.00  1.08
17.60  1.01  1.01  1.02  0.96  1.01  1.00
17.62  0.93  1.00  1.04  0.99  1.00  0.94
17.64  1.09  1.01  0.93  1.01  0.99  1.01
17.66  1.01  1.02  1.01  0.99  1.00  0.95
17.68  0.92  1.00  0.97  1.03  0.98  1.01
17.70  0.97  1.00  0.99  1.00  1.00  0.97
17.72  1.06  1.01  1.05  1.00  1.02  1.00
17.74  0.98  1.00  0.98  1.00  1.02  1.01
17.76  1.01  1.00  0.98  1.01  1.00  1.00
17.78  1.01  0.99  0.98  1.00  1.02  1.07
17.80  0.97  1.00  1.00  0.99  1.00  0.98
17.82  0.92  0.97  0.99  1.03  0.98  1.03
17.84  0.94  0.98  1.01  1.01  0.99  0.96
17.86  1.04  0.99  1.05  1.00  0.98  0.99
17.88  0.99  1.00  1.00  1.01  1.01  0.99
17.90  1.03  1.01  1.03  1.01  0.99  1.04
17.92  0.92  0.98  0.97  1.00  1.00  0.98
17.94  0.99  1.00  1.00  1.03  0.98  0.98
17.96  1.03  0.99  0.94  0.99  1.02  1.01
17.98  0.98  0.98  1.02  0.99  1.04  0.96
18.00  1.02  1.04  1.00  1.01  0.99  1.04
18.02  1.06  1.03  1.06  1.00  0.98  1.02
18.04  1.00  1.00  0.99  0.99  1.01  0.97
18.06  0.99  1.01  1.01  1.00  1.03  1.05
18.08  1.01  1.00  0.96  1.00  1.00  1.05
18.10  0.93  1.00  0.99  1.02  0.99  0.96
18.12  1.02  1.00  1.02  0.99  1.00  0.97
18.14  1.01  1.01  0.99  0.99  1.02  1.03
18.16  1.02  1.01  0.95  1.03  1.03  0.96
18.18  0.98  1.03  0.99  1.01  1.00  1.04
18.20  1.00  0.95  0.98  1.00  0.98  1.02
18.22  1.01  1.02  1.02  0.99  1.02  0.95
18.24  1.01  1.00  1.01  1.02  0.98  0.97
18.26  1.00  1.00  0.99  1.00  1.01  0.99
18.28  1.03  0.98  1.05  1.00  1.01  0.96
18.30  1.01  1.01  0.95  0.99  0.98  1.00
18.32  0.98  1.02  1.00  1.01  0.98  0.95
18.34  1.02  0.98  1.01  1.02  0.99  1.00
18.36  0.97  1.00  0.97  0.98  1.03  1.00
18.38  1.02  0.97  1.02  1.01  1.02  0.99
18.40  1.06  0.98  0.97  1.00  1.02  0.98
18.42  1.00  1.01  0.99  1.00  0.97  1.04
18.44  1.03  0.99  1.01  1.00  1.00  0.95
18.46  0.98  1.04  0.97  0.99  0.99  0.99
18.48  0.97  1.00  1.04  0.98  1.01  0.99
18.50  1.00  1.02  0.99  1.01  1.01  0.98
18.52  1.03  1.02  1.02  1.01  1.00  0.96
18.54  0.91  0.98  0.97  0.98  1.02  1.04
18.56  1.04  1.00  0.98  1.00  0.99  1.04
18.58  1.03  0.95  1.00  1.00  0.99  0.97
18.60  0.95  0.98  0.98  1.02  1.01  0.95
18.62  1.03  1.02  0.98  1.00  0.99  0.98
18.64  1.05  1.00  1.05  1.03  0.99  0.98
18.66  0.96  1.00  1.06  0.99  1.00  0.94
18.68  1.00  1.01  0.98  1.01  0.98  0.98
18.70  0.98  1.00  1.01  1.00  1.03  1.01
18.72  0.97  0.99  1.02  0.96  1.00  1.02
18.74  1.06  1.01  0.99  0.99  1.01  0.98
18.76  1.00  1.00  0.98  1.00  1.01  0.98
18.78  0.95  1.01  1.03  0.99  0.98  1.00
18.80  1.00  0.99  1.02  1.00  1.01  1.03
18.82  1.04  0.96  1.04  1.00  1.00  1.08
18.84  1.02  0.99  1.00  0.99  1.00  0.93
18.86  0.93  0.97  1.01  1.01  1.00  1.05
18.88  1.05  1.00  1.00  0.99  0.98  1.07
18.90  0.96  1.02  1.03  0.99  1.01  0.96
18.92  1.00  0.97  1.00  1.00  0.99  0.99
18.94  0.97  1.03  1.03  1.00  1.01  0.98
18.96  1.02  1.00  0.99  0.99  1.01  0.99
18.98  1.03  0.98  0.98  1.00  0.99  0.96
19.00  0.96  1.00  0.99  0.99  1.02  0.99
19.02  1.02  0.97  1.01  0.98  1.00  1.01
19.04  1.05  0.97  0.97  1.01  0.99  0.99
19.06  0.98  1.01  1.01  0.98  0.99  1.03
19.08  0.91  1.00  1.00  1.01  1.02  1.09
19.10  0.99  0.98  1.00  1.00  0.99  1.02
19.12  1.00  0.99  0.95  1.02  1.00  0.96
19.14  1.03  1.02  1.02  1.01  1.00  0.96
19.16  0.99  0.99  0.97  0.98  0.98  1.05
19.18  0.98  0.98  1.04  1.01  1.01  0.98
19.20  1.02  1.02  1.02  1.00  0.98  0.96
19.22  0.97  0.99  1.01  1.00  0.98  0.98
19.24  1.08  0.98  1.04  0.99  0.99  1.01
19.26  1.04  1.00  1.02  0.99  0.99  1.03
19.28  0.97  1.02  1.00  0.97  1.01  0.99
19.30  1.03  0.99  0.99  1.00  1.00  0.99
19.32  0.97  0.99  1.00  1.00  0.98  0.97
19.34  0.98  1.00  0.98  0.97  0.99  1.04
19.36  0.96  1.02  0.99  0.99  1.01  0.94
19.38  1.08  1.00  0.99  0.99  0.99  1.05
19.40  0.95  0.97  0.99  0.99  0.99  1.06
19.42  1.03  1.03  1.00  0.99  0.99  0.98
19.44  1.03  1.01  1.01  1.01  1.00  1.03
19.46  0.94  1.00  1.01  1.00  0.99  1.01
19.48  0.99  0.99  0.98  1.01  0.99  1.04
19.50  0.95  1.01  1.06  0.99  1.03  0.99
19.52  0.99  1.01  0.99  1.00  0.97  1.02
19.54  1.01  1.00  0.99  1.01  0.99  1.00
19.56  1.02  0.99  0.99  0.99  1.00  0.95
19.58  0.97  1.01  0.98  1.00  0.99  0.98
19.60  0.97  1.01  0.98  1.00  1.02  0.96
19.62  1.01  1.01  1.05  1.00  0.98  0.96
19.64  0.99  0.98  0.99  1.00  1.00  1.06
19.66  1.00  1.01  1.03  0.99  0.99  0.99
19.68  1.01  1.03  1.01  1.00  0.98  1.00
19.70  0.94  1.01  0.99  0.99  0.98  0.98
19.72  0.98  1.02  1.00  1.02  0.99  1.02
19.74  0.94  1.00  1.01  1.01  1.05  1.08
19.76  0.98  0.98  1.02  0.97  1.00  0.95
19.78  1.04  1.01  0.97  1.01  0.99  0.97
19.80  0.95  0.98  0.96  1.02  0.99  1.01
19.82  0.98  1.01  0.97  1.00  1.00  1.01
19.84  1.03  1.03  1.00  1.00  0.99  1.04
19.86  1.03  1.00  1.01  1.00  1.03  1.01
19.88  1.02  1.00  1.02  0.99  1.02  1.12
19.90  0.95  1.02  0.98  1.01  0.99  0.95
19.92  1.01  1.02  0.99  1.00  1.03  1.01
19.94  1.04  1.00  0.98  1.01  1.01  0.94
19.96  1.05  0.98  0.98  1.02  1.00  0.98
19.98  0.09  0.10  0.10  0.11  0.10  0.10
20.00  0.00  0.00  0.00  0.00  0.00  0.00
20.02  0.00  0.00  0.00  0.00  0.00  0.00
20.04  0.00  0.00  0.00  0.00  0.00  0.00
20.06  0.00  0.00  0.00  0.00  0.00  0.00
20.08  0.00  0.00  0.00  0.00  0.00  0.00
20.10  0.00  0.00  0.00  0.00  0.00  0.00
20.12  0.00  0.00  0.00  0.00  0.00  0.00
20.14  0.00  0.00  0.00  0.00  0.00  0.00
20.16  0.00  0.00  0.00  0.00  0.00  0.00
20.18  0.00  0.00  0.00  0.00  0.00  0.00
20.20  0.00  0.00  0.00  0.00  0.00  0.00
20.22  0.00  0.00  0.00  0.00  0.00  0.00
20.24  0.00  0.00  0.00  0.00  0.00  0.00
20.26  0.00  0.00  0.00  0.00  0.00  0.00
20.28  0.00  0.00  0.00  0.00  0.00  0.00
20.30  0.00  0.00  0.00  0.00  0.00  0.00
20.32  0.00  0.00  0.00  0.00  0.00  0.00
20.34  0.00  0.00  0.00  0.00  0.00  0.00
20.36  0.00  0.00  0.00  0.00  0.00  0.00
20.38  0.00  0.00  0.00  0.00  0.00  0.00
20.40  0.00  0.00  0.00  0.00  0.00  0.00
20.42  0.00  0.00  0.00  0.00  0.00  0.00
20.44  0.00  0.00  0.00  0.00  0.00  0.00
20.46  0.00  0.00  0.00  0.00  0.00  0.00
20.48  0.00  0.00  0.00  0.00  0.00  0.00
20.50  0.00  0.00  0.00  0.00  0.00  0.00
20.52  0.00  0.00  0.00  0.00  0.00  0.00
20.54  0.00  0.00  0.00  0.00  0.00  0.00
20.56  0.00  0.00  0.00  0.00  0.00  0.00
20.58  0.00  0.00  0.00  0.00  0.00  0.00
20.60  0.00  0.00  0.00  0.00  0.00  0.00
20.62  0.00  0.00  0.00  0.00  0.00  0.00
20.64  0.00  0.00  0.00  0.00  0.00  0.00
20.66  0.00  0.00  0.00  0.00  0.00  0.00
20.68  0.00  0.00  0.00  0.00  0.00  0.00
20.70  0.00  0.00  0.00  0.00  0.00  0.00
20.72  0.00  0.00  0.00  0.00  0.00  0.00
20.74  0.00  0.00  0.00  0.00  0.00  0.00
20.76  0.00  0.00  0.00  0.00  0.00  0.00
20.78  0.00  0.00  0.00  0.00  0.00  0.00
20.80  0.00  0.00  0.00  0.00  0.00  0.00
20.82  0.00  0.00  0.00  0.00  0.00  0.00
20.84  0.00  0.00  0.00  0.00  0.00  0.00
20.86  0.00  0.00  0.00  0.00  0.00  0.00
20.88  0.00  0.00  0.00  0.00  0.00  0.00
20.90  0.00  0.00  0.00  0.00  0.00  0.00
20.92  0.00  0.00  0.00  0.00  0.00  0.00
20.94  0.00  0.00  0.00  0.00  0.00  0.00
20.96  0.00  0.00  0.00  0.00  0.00  0.00
20.98  0.00  0.00  0.00  0.00  0.00  0.00
21.00  0.00  0.00  0.00  0.00  0.00  0.00
21.02  0.00  0.00  0.00  0.00  0.00  0.00
21.04  0.00  0.00  0.00  0.00  0.00  0.00
21.06  0.00  0.00  0.00  0.00  0.00  0.00
21.08  0.00  0.00  0.00  0.00  0.00  0.00
21.10  0.00  0.00  0.00  0.00  0.00  0.00
21.12  0.00  0.00  0.00  0.00  0.00  0.00
21.14  0.00  0.00  0.00  0.00  0.00  0.00
21.16  0.00  0.00  0.00  0.00  0.00  0.00
21.18  0.00  0.00  0.00  0.00  0.00  0.00
21.20  0.00  0.00  0.00  0.00  0.00  0.00
21.22  0.00  0.00  0.00  0.00  0.00  0.00
21.24  0.00  0.00  0.00  0.00  0.00  0.00
21.26  0.00  0.00  0.00  0.00  0.00  0.00
21.28  0.00  0.00  0.00  0.00  0.00  0.00
21.30  0.00  0.00  0.00  0.00  0.00  0.00
21.32  0.00  0.00  0.00  0.00  0.00  0.00
21.34  0.00  0.00  0.00  0.00  0.00  0.00
21.36  0.00  0.00  0.00  0.00  0.00  0.00
21.38  0.00  0.00  0.00  0.00  0.00  0.00
21.40  0.00  0.00  0.00  0.00  0.00  0.00
21.42  0.00  0.00  0.00  0.00  0.00  0.00
21.44  0.00  0.00  0.00  0.00  0.00  0.00
21.46  0.00  0.00  0.00  0.00  0.00  0.00
21.48  0.00  0.00  0.00  0.00  0.00  0.00
21.50  0.00  0.00  0.00  0.00  0.00  0.00
21.52  0.00  0.00  0.00  0.00  0.00  0.00
21.54  0.00  0.00  0.00  0.00  0.00  0.00
21.56  0.00  0.00  0.00  0.00  0.00  0.00
21.58  0.00  0.00  0.00  0.00  0.00  0.00
21.60  0.00  0.00  0.00  0.00  0.00  0.00
21.62  0.00  0.00  0.00  0.00  0.00  0.00
21.64  0.00  0.00  0.00  0.00  0.00  0.00
21.66  0.00  0.00  0.00  0.00  0.00  0.00
21.68  0.00  0.00  0.00  0.00  0.00  0.00
21.70  0.00  0.00  0.00  0.00  0.00  0.00
21.72  0.00  0.00  0.00  0.00  0.00  0.00
21.74  0.00  0.00  0.00  0.00  0.00  0.00
21.76  0.00  0.00  0.00  0.00  0.00  0.00
21.78  0.00  0.00  0.00  0.00  0.00  0.00
21.80  0.00  0.00  0.00  0.00  0.00  0.00
21.82  0.00  0.00  0.00  0.00  0.00  0.00
21.84  0.00  0.00  0.00  0.00  0.00  0.00
21.86  0.00  0.00  0.00  0.00  0.00  0.00
21.88  0.00  0.00  0.00  0.00  0.00  0.00
21.90  0.00  0.00  0.00  0.00  0.00  0.00
21.92  0.00  0.00  0.00  0.00  0.00  0.00
21.94  0.00  0.00  0.00  0.00  0.00  0.00
21.96  0.00  0.00  0.00  0.00  0.00  0.00
21.98  0.00  0.00  0.00  0.00  0.00  0.00
22.00  0.00  0.00  0.00  0.00  0.00  0.00
22.02  0.00  0.00  0.00  0.00  0.00  0.00
22.04  0.00  0.00  0.00  0.00  0.00  0.00
22.06  0.00  0.00  0.00  0.00  0.00  0.00
22.08  0.00  0.00  0.00  0.00  0.00  0.00
22.10  0.00  0.00  0.00  0.00  0.00  0.00
22.12  0.00  0.00  0.00  0.00  0.00  0.00
22.14  0.00  0.00  0.00  0.00  0.00  0.00
22.16  0.00  0.00  0.00  0.00  0.00  0.00
22.18  0.00  0.00  0.00  0.00  0.00  0.00
22.20  0.00  0.00  0.00  0.00  0.00  0.00
22.22  0.00  0.00  0.00  0.00  0.00  0.00
22.24  0.00  0.00  0.00  0.00  0.00  0.00
22.26  0.00  0.00  0.00  0.00  0.00  0.00
22.28  0.00  0.00  0.00  0.00  0.00  0.00
22.30  0.00  0.00  0.00  0.00  0.00  0.00
22.32  0.00  0.00  0.00  0.00  0.00  0.00
22.34  0.00  0.00  0.00  0.00  0.00  0.00
22.36  0.00  0.00  0.00  0.00  0.00  0.00
22.38  0.00  0.00  0.00  0.00  0.00  0.00
22.40  0.00  0.00  0.00  0.00  0.00  0.00
22.42  0.00  0.00  0.00  0.00  0.00  0.00
22.44  0.00  0.00  0.00  0.00  0.00  0.00
22.46  0.00  0.00  0.00  0.00  0.00  0.00
22.48  0.00  0.00  0.00  0.00  0.00  0.00
22.50  0.00  0.00  0.00  0.00  0.00  0.00
22.52  0.00  0.00  0.00  0.00  0.00  0.00
22.54  0.00  0.00  0.00  0.00  0.00  0.00
22.56  0.00  0.00  0.00  0.00  0.00  0.00
22.58  0.00  0.00  0.00  0.00  0.00  0.00
22.60  0.00  0.00  0.00  0.00  0.00  0.00
22.62  0.00  0.00  0.00  0.00  0.00  0.00
22.64  0.00  0.00  0.00  0.00  0.00  0.00
22.66  0.00  0.00  0.00  0.00  0.00  0.00
22.68  0.00  0.00  0.00  0.00  0.00  0.00
22.70  0.00  0.00  0.00  0.00  0.00  0.00
22.72  0.00  0.00  0.00  0.00  0.00  0.00
22.74  0.00  0.00  0.00  0.00  0.00  0.00
22.76  0.00  0.00  0.00  0.00  0.00  0.00
22.78  0.00  0.00  0.00  0.00  0.00  0.00
22.80  0.00  0.00  0.00  0.00  0.00  0.00
22.82  0.00  0.00  0.00  0.00  0.00  0.00
22.84  0.00  0.00  0.00  0.00  0.00  0.00
22.86  0.00  0.00  0.00  0.00  0.00  0.00
22.88  0.00  0.00  0.00  0.00  0.00  0.00
22.90  0.00  0.00  0.00  0.00  0.00  0.00
22.92  0.00  0.00  0.00  0.00  0.00  0.00
22.94  0.00  0.00  0.00  0.00  0.00  0.00
22.96  0.00  0.00  0.00  0.00  0.00  0.00
22.98  0.00  0.00  0.00  0.00  0.00  0.00
23.00  0.00  0.00  0.00  0.00  0.00  0.00
23.02  0.00  0.00  0.00  0.00  0.00  0.00
23.04  0.00  0.00  0.00  0.00  0.00  0.00
23.06  0.00  0.00  0.00  0.00  0.00  0.00
23.08  0.00  0.00  0.00  0.00  0.00  0.00
23.10  0.00  0.00  0.00  0.00  0.00  0.00
23.12  0.00  0.00  0.00  0.00  0.00  0.00
23.14  0.00  0.00  0.00  0.00  0.00  0.00
23.16  0.00  0.00  0.00  0.00  0.00  0.00
23.18  0.00  0.00  0.00  0.00  0.00  0.00
23.20  0.00  0.00  0.00  0.00  0.00  0.00
23.22  0.00  0.00  0.00  0.00  0.00  0.00
23.24  0.00  0.00  0.00  0.00  0.00  0.00
23.26  0.00  0.00  0.00  0.00  0.00  0.00
23.28  0.00  0.00  0.00  0.00  0.00  0.00
23.30  0.00  0.00  0.00  0.00  0.00  0.00
23.32  0.00  0.00  0.00  0.00  0.00  0.00
23.34  0.00  0.00  0.00  0.00  0.00  0.00
23.36  0.00  0.00  0.00  0.00  0.00  0.00
23.38  0.00  0.00  0.00  0.00  0.00  0.00
23.40  0.00  0.00  0.00  0.00  0.00  0.00
23.42  0.00  0.00  0.00  0.00  0.00  0.00
23.44  0.00  0.00  0.00  0.00  0.00  0.00
23.46  0.00  0.00  0.00  0.00  0.00  0.00
23.48  0.00  0.00  0.00  0.00  0.00  0.00
23.50  0.00  0.00  0.00  0.00  0.00  0.00
23.52  0.00  0.00  0.00  0.00  0.00  0.00
23.54  0.00  0.00  0.00  0.00  0.00  0.00
23.56  0.00  0.00  0.00  0.00  0.00  0.00
23.58  0.00  0.00  0.00  0.00  0.00  0.00
23.60  0.00  0.00  0.00  0.00  0.00  0.00
23.62  0.00  0.00  0.00  0.00  0.00  0.00
23.64  0.00  0.00  0.00  0.00  0.00  0.00
23.66  0.00  0.00  0.00  0.00  0.00  0.00
23.68  0.00  0.00  0.00  0.00  0.00  0.00
23.70  0.00  0.00  0.00  0.00  0.00  0.00
23.72  0.00  0.00  0.00  0.00  0.00  0.00
23.74  0.00  0.00  0.00  0.00  0.00  0.00
23.76  0.00  0.00  0.00  0.00  0.00  0.00
23.78  0.00  0.00  0.00  0.00  0.00  0.00
23.80  0.00  0.00  0.00  0.00  0.00  0.00
23.82  0.00  0.00  0.00  0.00  0.00  0.00
23.84  0.00  0.00  0.00  0.00  0.00  0.00
23.86  0.00  0.00  0.00  0.00  0.00  0.00
23.88  0.00  0.00  0.00  0.00  0.00  0.00
23.90  0.00  0.00  0.00  0.00  0.00  0.00
23.92  0.00  0.00  0.00  0.00  0.00  0.00
23.94  0.00  0.00  0.00  0.00  0.00  0.00
23.96  0.00  0.00  0.00  0.00  0.00  0.00
23.98  0.00  0.00  0.00  0.00  0.00  0.00
