 0.00  0.00  0.00  0.00  0.00  0.00  0.00  0.00  0.00  0.00  0.00
 0.02  0.00  0.00  0.00  0.00  0.00  0.00  0.00  0.00  0.00  0.00
 0.04  0.00  0.00  0.00  0.00  0.00  0.00  0.00  0.00  0.00  0.00
 0.06  0.00  0.00  0.00  0.00  0.00  0.00  0.00  0.00  0.00  0.00
 0.08  0.00  0.00  0.00  0.00  0.00  0.00  0.00  0.00  0.00  0.00
 0.10  0.00  0.00  0.00  0.00  0.00  0.00  0.00  0.00  0.00  0.00
 0.12  0.00  0.00  0.00  0.00  0.00  0.00  0.00  0.00  0.00  0.00
 0.14  0.00  0.00  0.00  0.00  0.00  0.00  0.00  0.00  0.00  0.00
 0.16  0.00  0.00  0.00  0.00  0.00  0.00  0.00  0.00  0.00  0.00
 0.18  0.00  0.00  0.00  0.00  0.00  0.00  0.00  0.00  0.00  0.00
 0.20  0.00  0.00  0.00  0.00  0.00  0.00  0.00  0.00  0.00  0.00
 0.22  0.00  0.00  0.00  0.00  0.00  0.00  0.00  0.00  0.00  0.00
 0.24  0.00  0.00  0.00  0.00  0.00  0.00  0.00  0.00  0.00  0.00
 0.26  0.00  0.00  0.00  0.00  0.00  0.00  0.00  0.00  0.00  0.00
 0.28  0.00  0.00  0.00  0.00  0.00  0.00  0.00  0.00  0.00  0.00
 0.30  0.00  0.00  0.00  0.00  0.00  0.00  0.00  0.00  0.00  0.00
 0.32  0.00  0.00  0.00  0.00  0.00  0.00  0.00  0.00  0.00  0.00
 0.34  0.00  0.00  0.00  0.00  0.00  0.00  0.00  0.00  0.00  0.00
 0.36  0.00  0.00  0.00  0.00  0.00  0.00  0.00  0.00  0.00  0.00
 0.38  0.00  0.00  0.00  0.00  0.00  0.00  0.00  0.00  0.00  0.00
 0.40  0.00  0.00  0.00  0.00  0.00  0.00  0.00  0.00  0.00  0.00
 0.42  0.00  0.00  0.00  0.00  0.00  0.00  0.00  0.00  0.00  0.00
 0.44  0.00  0.00  0.00  0.00  0.00  0.00  0.00  4.29  0.00  0.00
 0.46  0.00  0.00  0.00  0.00  0.00  0.00  0.00  0.00  0.56  0.00
 0.48  0.00  0.00  0.00  0.00  0.00  0.00  0.84  0.00  0.00  0.00
 0.50  0.00  0.00  0.00  0.00  0.00  0.00  0.00  0.00  0.48  0.00
 0.52  0.00  0.00  0.00  0.00  0.00  0.00  0.00  0.00  0.00  0.00
 0.54  0.00  0.00  0.00  0.00  0.00  0.00  0.00  0.00  0.00  0.00
 0.56  0.00  0.00  0.00  0.00  0.00  0.00  0.00  0.00  0.00  0.00
 0.58  0.00  0.00  0.00  0.00  0.00  2.06  0.00  0.00  0.00  0.00
 0.60  0.00  0.00  0.00  0.00  0.00  0.00  0.00  0.00  0.00  0.00
 0.62  0.00  0.00  0.00  0.00  0.00  0.00  0.00  0.00  0.00  0.00
 0.64  0.00  0.00  0.00  0.00  0.00  0.00  0.00  0.00  0.00  0.00
 0.66  0.00  0.00  0.00  0.00  0.00  0.00  0.00  0.00  0.00  0.00
 0.68  0.00  0.00  0.00  0.00  0.00  0.00  0.00  0.00  0.00  0.00
 0.70  0.00  0.00  0.00  0.00  0.00  0.00  0.00  0.00  0.00  0.00
 0.72  0.00  0.00  0.00  0.00  0.00  0.00  0.00  0.00  0.24  0.00
 0.74  0.00  0.00  0.00  0.00  0.00  0.00  0.00  0.00  0.00  0.25
 0.76  0.00  0.00  0.00  0.00  0.00  0.00  0.00  0.00  0.00  0.00
 0.78  0.00  0.00  0.00  0.00  0.00  0.00  0.00  0.00  0.00  0.00
 0.80  0.00  0.00  0.00  0.00  0.00  0.00  0.00  0.00  0.00  0.00
 0.82  0.00  0.00  0.00  0.00  0.00  0.00  0.00  0.00  0.00  0.00
 0.84  0.00  0.00  0.00  0.00  0.00  0.00  0.00  0.00  0.00  0.00
 0.86  0.00  0.00  0.00  0.00  0.00  0.00  0.00  0.00  0.00  0.00
 0.88  0.00  0.00  0.00  0.26  0.00  0.00  0.00  0.00  0.00  0.00
 0.90  0.00  0.00  0.00  0.00  0.00  0.00  0.00  0.00  0.00  0.00
 0.92  0.00  0.00  0.00  0.00  0.00  0.00  0.00  0.00  0.00  0.00
 0.94  0.00  0.00  0.00  0.00  0.00  0.00  0.00  0.00  0.00  0.16
 0.96  0.00  0.00  0.00  0.00  0.00  0.00  0.00  0.00  0.13  0.00
 0.98  0.00  0.00  0.00  0.00  0.00  0.00  0.00  0.00  0.00  0.00
 1.00  0.00  0.00  0.00  0.00  0.00  0.00  0.20  0.00  0.12  0.21
 1.02  0.00  0.00  0.00  0.19  0.00  0.00  0.00  0.00  0.00  0.00
 1.04  0.00  0.00  0.00  0.00  0.00  0.00  0.00  0.00  0.11  0.00
 1.06  0.00  0.00  0.00  0.00  0.00  0.64  0.18  0.00  0.00  0.13
 1.08  0.00  0.00  0.00  0.00  0.00  0.00  0.00  0.00  0.00  0.06
 1.10  0.00  0.00  0.00  0.00  0.00  0.00  0.00  0.00  0.10  0.17
 1.12  0.00  0.00  0.00  0.32  0.00  0.00  0.00  0.00  0.10  0.00
 1.14  0.00  0.00  0.00  0.16  0.00  0.00  0.00  0.00  0.00  0.11
 1.16  0.00  0.00  0.00  0.00  0.00  0.00  0.00  0.00  0.09  0.10
 1.18  0.00  0.00  0.00  0.00  0.00  0.52  0.00  0.00  0.00  0.05
 1.20  0.00  0.00  0.00  0.28  0.00  0.00  0.00  0.00  0.09  0.00
 1.22  0.00  0.00  0.00  0.00  0.00  0.48  0.00  0.00  0.00  0.05
 1.24  0.00  0.77  0.00  0.00  0.00  0.00  0.13  0.00  0.00  0.00
 1.26  0.00  0.00  0.00  0.00  0.00  0.00  0.13  0.00  0.00  0.00
 1.28  0.00  0.00  0.00  0.12  0.00  0.00  0.25  0.00  0.00  0.00
 1.30  0.00  0.00  0.00  0.00  0.00  0.00  0.00  0.00  0.07  0.04
 1.32  0.00  0.00  0.00  0.00  0.00  0.00  0.12  0.00  0.14  0.04
 1.34  0.00  0.00  0.00  0.00  0.00  0.00  0.00  0.00  0.00  0.04
 1.36  0.00  0.00  0.00  0.00  0.00  0.00  0.00  0.00  0.14  0.00
 1.38  0.00  0.00  0.00  0.00  0.00  0.00  0.00  0.00  0.72  0.07
 1.40  0.00  0.00  0.00  0.00  1.21  0.00  0.10  0.00  0.89  0.00
 1.42  0.00  0.00  0.00  0.10  0.00  0.00  0.00  0.00  1.12  0.04
 1.44  0.00  0.00  0.00  0.00  0.00  0.00  0.10  0.00  1.27  0.03
 1.46  0.00  0.00  0.00  0.19  0.00  0.00  0.10  0.00  1.23  0.00
 1.48  0.00  0.00  0.00  0.00  0.00  0.00  0.09  0.00  1.09  0.03
 1.50  0.00  0.00  0.00  0.27  0.00  0.00  0.18  0.00  1.17  0.03
 1.52  0.00  0.51  0.00  0.09  0.00  0.00  0.18  0.00  0.65  0.03
 1.54  0.00  0.00  0.00  0.00  0.00  0.00  0.17  0.00  0.21  0.09
 1.56  0.00  0.00  0.30  0.00  0.00  0.00  0.08  0.00  2.68  0.00
 1.58  0.00  0.00  0.00  0.00  0.00  0.00  0.41  0.00 39.92  0.06
 1.60  0.00  0.00  0.00  0.08  0.00  0.00  0.64  0.00 85.77  0.00
 1.62  0.00  0.00  0.00  0.08  0.00  0.00  0.70  0.00 34.93  0.08
 1.64  0.00  0.00  0.00  0.00  0.00  0.00  0.92  0.00  1.91  0.05
 1.66  0.86  0.00  0.00  0.00  0.00  0.00  1.34  0.00  0.05  0.05
 1.68  0.00  0.00  0.00  0.00  0.00  0.00  2.84  0.00  0.04  0.03
 1.70  0.00  0.00  0.00  0.14  0.00  0.25  4.27  0.00  0.09  0.00
 1.72  0.00  0.00  0.00  0.00  0.00  0.00  7.44  0.30  0.00  0.10
 1.74  0.00  0.00  0.48  0.14  0.00  0.24 11.76  0.00  0.04  0.05
 1.76  0.00  0.00  0.00  0.00  0.00  0.00 15.69  0.00  0.04  0.02
 1.78  0.00  0.00  0.00  0.06  0.00  0.23 17.74  0.00  0.04  0.05
 1.80  0.00  0.00  0.00  0.06  0.00  0.00 16.28  0.00  0.04  0.07
 1.82  0.00  0.00  0.22  0.00  0.00  0.00 14.93  0.54  0.08  0.02
 1.84  0.70  0.00  0.00  0.12  0.00  0.00 10.96  0.00  0.00  0.02
 1.86  0.00  0.00  0.00  0.00  0.00  0.00  7.92  0.00  0.00  0.04
 1.88  0.00  0.00  0.00  0.00  0.00  0.21  5.95  0.00  0.00  0.08
 1.90  0.00  0.00  0.00  0.00  0.00  0.00  4.91  0.00  0.03  0.08
 1.92  0.00  0.00  0.00  0.00  0.00  0.20  2.85  0.24  0.07  0.06
 1.94  0.00  0.00  0.00  0.00  0.00  0.00  2.08  0.00  0.03  0.04
 1.96  0.00  0.00  0.00  0.05  0.00  0.00  0.86  0.00  0.07  0.06
 1.98  0.00  0.00  0.00  0.05  0.00  0.19  0.68  0.00  0.00  0.02
 2.00  0.00  0.00  0.18  0.05  0.60  0.00  0.67  0.00  0.06  0.04
 2.02  0.00  0.00  0.00  0.15  0.58  0.00  0.15  0.00  0.06  0.02
 2.04  0.00  0.00  0.18  0.05  0.00  0.00  0.15  0.00  0.03  0.07
 2.06  0.00  0.00  0.00  0.05  0.00  0.00  0.34  0.00  0.00  0.05
 2.08  0.00  0.28  0.17  0.00  0.00  0.00  0.14  0.00  0.03  0.02
 2.10  0.00  0.00  0.00  0.33  0.00  0.00  0.19  0.00  0.00  0.08
 2.12  0.00  0.00  0.00  0.14  0.00  0.00  0.23  0.00  0.03  0.05
 2.14  0.00  0.00  0.00  0.23  0.00  0.00  0.27  0.00  0.06  0.03
 2.16  0.00  0.00  0.31  0.53  0.00  0.00  0.18  0.00  0.00  0.05
 2.18  0.00  0.00  0.15  1.22  0.50  0.15  0.04  0.00  0.03  0.02
 2.20  0.00  0.25  0.00  0.85  0.00  0.15  0.13  0.00  0.00  0.01
 2.22  0.00  0.00  0.15  1.64  0.00  0.00  0.04  0.00  0.00  0.01
 2.24  0.48  0.00  0.00  1.61  0.00  0.00  0.16  0.00  0.00  0.03
 2.26  0.00  0.23  0.14  1.78  0.00  0.00  0.04  0.17  0.10  0.06
 2.28  0.00  0.00  0.00  2.67  0.00  0.00  0.00  0.00  0.02  0.07
 2.30  0.00  0.23  0.00  3.01  0.00  0.00  0.12  0.00  0.02  0.09
 2.32  0.00  0.22  0.00  3.85  0.00  0.00  0.00  0.00  0.02  0.12
 2.34  0.00  0.00  0.27  3.55  0.44  0.00  0.08  0.00  0.00  0.09
 2.36  0.00  0.21  0.00  4.02  0.00  0.00  0.00  0.00  0.02  0.14
 2.38  0.00  0.00  0.00  3.40  0.00  0.00  0.04  0.00  0.00  0.22
 2.40  0.00  0.00  0.00  3.52  0.00  0.00  0.07  0.00  0.00  0.34
 2.42  0.41  0.00  0.12  3.08  0.00  0.00  0.07  0.00  0.02  0.44
 2.44  0.00  0.00  0.00  2.92  0.40  0.00  0.03  0.00  0.00  0.43
 2.46  0.00  0.20  0.00  2.43  0.00  0.00  0.00  0.15  0.08  0.62
 2.48  0.00  0.00  0.00  2.97  0.00  0.00  0.03  0.00  0.08  0.63
 2.50  0.38  0.00  0.00  2.59  0.00  0.00  0.13  0.00  0.04  1.06
 2.52  0.00  0.19  0.12  2.87  0.00  0.00  0.07  0.00  0.00  1.91
 2.54  0.00  0.19  0.11  2.83  0.00  0.00  0.06  0.00  0.04  3.25
 2.56  0.00  0.00  0.11  2.02  0.00  0.00  0.00  0.00  0.06  4.79
 2.58  0.00  0.00  0.00  1.81  0.00  0.00  0.03  0.00  0.10  7.37
 2.60  0.00  0.00  0.00  1.66  0.00  0.00  0.03  0.00  0.04  8.01
 2.62  0.00  0.00  0.11  1.45  0.35  0.00  0.00  0.00  0.02  7.42
 2.64  0.00  0.00  0.00  1.79  0.00  0.00  0.03  0.00  0.02  6.96
 2.66  0.00  0.00  0.00  1.26  0.34  0.00  0.00  0.00  0.07  5.09
 2.68  0.00  0.00  0.00  1.16  0.33  0.10  0.06  0.00  0.04  3.74
 2.70  0.00  0.00  0.00  1.14  0.33  0.00  0.06  0.00  0.00  2.20
 2.72  0.00  0.00  0.10  0.93  0.00  0.00  0.00  0.00  0.00  1.23
 2.74  0.00  0.00  0.10  1.19  0.96  0.10  0.03  0.00  0.00  0.87
 2.76  0.00  0.16  0.00  0.68  0.31  0.00  0.03  0.00  0.00  0.93
 2.78  0.00  0.00  0.09  0.73  0.00  0.09  0.00  0.00  0.05  0.82
 2.80  0.00  0.00  0.00  0.66  0.61  0.00  0.08  0.00  0.06  0.97
 2.82  0.00  0.00  0.00  0.57  0.30  0.00  0.03  0.00  0.03  1.30
 2.84  0.00  0.00  0.00  0.67  1.19  0.00  0.00  0.00  0.02  1.52
 2.86  0.00  0.15  0.00  0.61  0.00  0.18  0.05  0.00  0.02  1.75
 2.88  0.00  0.14  0.00  0.78  0.00  0.00  0.08  0.11  0.00  1.74
 2.90  0.00  0.00  0.00  0.89  0.00  0.00  0.10  0.00  0.00  1.66
 2.92  0.00  0.00  0.09  0.80  0.28  0.00  0.02  0.42  0.03  1.76
 2.94  0.00  0.14  0.08  0.65  0.56  0.00  0.02  0.21  0.06  1.66
 2.96  0.00  0.27  0.08  0.55  0.27  0.08  0.02  0.51  0.04  1.46
 2.98  0.00  0.14  0.17  0.73  0.54  0.00  0.00  0.61  0.04  1.52
 3.00  0.00  0.40  0.08  0.62  0.27  0.33  0.02  1.00  0.04  1.26
 3.02  0.00  0.39  0.16  0.71  0.53  0.16  0.07  1.18  0.07  1.37
 3.04  0.00  0.65  0.16  0.67  1.04  0.40  0.02  0.87  0.03  1.07
 3.06  0.00  0.90  0.78  0.62  0.77  0.63  0.09  2.01  0.01  0.82
 3.08  0.00  1.01  0.62  0.57  0.76  0.70  0.02  1.98  0.03  0.75
 3.10  0.00  0.75  0.53  0.58  1.25  1.14  0.09  2.33  0.01  0.69
 3.12  0.00  1.36  0.45  0.47  0.99  1.36  0.11  3.78  0.01  0.53
 3.14  0.00  1.70  0.82  0.46  1.46  2.16  0.08  4.55  0.04  0.55
 3.16  0.24  2.77  1.18  0.71  2.40  1.98  0.04  8.98  0.08  0.52
 3.18  0.00  2.61  1.23  0.68  0.95  2.03  0.12 11.26  0.03  0.36
 3.20  0.00  2.35  1.58  0.75  3.75  3.65  0.12 18.22  0.00  0.39
 3.22  0.23  2.66  0.92  0.54  2.08  4.25  0.08 13.06  0.05  0.41
 3.24  0.69  2.97  0.98  0.61  2.29  4.96  0.04  2.56  0.05  0.26
 3.26  0.45  3.16  1.93  0.55  4.29  5.80  0.06  0.17  0.05  0.27
 3.28  0.89  2.57  1.57  0.68  3.80  9.35  0.15  0.00  0.11  0.32
 3.30  0.22  3.64  1.48  0.67  3.09  9.44  0.17  0.00  0.08  0.29
 3.32  0.65  2.83  2.53  0.74  3.27  9.46  0.13  0.00  0.17  0.33
 3.34  1.08  3.45  2.04  0.76  3.88  9.94  0.22  0.00  0.06  0.32
 3.36  1.06  3.30  2.08  0.59  2.77  8.00  0.20  0.00  0.10  0.29
 3.38  1.47  3.47  2.57  0.49  4.84  6.17  0.20  0.00  0.14  0.30
 3.40  1.25  2.91  2.73  0.50  5.40  4.07  0.18  0.08  0.08  0.24
 3.42  1.44  2.36  2.20  0.66  4.11  3.14  0.21  0.08  0.10  0.30
 3.44  1.62  3.15  1.99  0.60  3.45  1.55  0.21  0.00  0.12  0.32
 3.46  2.01  2.21  2.58  0.71  3.81  1.53  0.26  0.00  0.27  0.31
 3.48  0.99  3.57  2.49  0.60  2.98  0.49  0.43  0.00  0.18  0.33
 3.50  1.37  3.14  3.84  0.49  0.59  0.24  0.49  0.07  0.26  0.36
 3.52  1.36  3.30  2.67  0.72  1.75  0.12  0.44  0.00  0.32  0.29
 3.54  1.73  2.78  2.93  0.66  1.92  0.12  0.52  0.00  0.31  0.38
 3.56  3.41  2.85  3.48  0.62  0.95  0.06  0.46  0.00  0.45  0.43
 3.58  2.81  1.88  3.38  0.80  0.00  0.29  0.42  0.00  0.37  0.41
 3.60  2.60  2.41  3.40  1.00  0.93  0.11  0.67  0.00  0.47  0.39
 3.62  1.65  2.48  3.48  0.76  0.73  0.06  0.68  0.00  0.53  0.40
 3.64  1.45  2.72  3.72  0.68  0.18  0.11  0.42  0.00  0.63  0.41
 3.66  2.87  2.60  3.35  0.72  0.00  0.11  0.75  0.00  0.61  0.38
 3.68  1.60  2.31  2.93  0.78  0.00  0.11  0.75  0.07  0.73  0.44
 3.70  1.58  2.64  3.38  0.75  0.18  0.00  0.76  0.00  1.13  0.52
 3.72  1.56  2.09  3.08  0.89  0.00  0.05  0.87  0.00  0.95  0.51
 3.74  1.72  2.32  2.68  0.83  0.17  0.00  0.95  0.00  0.98  0.51
 3.76  1.87  2.38  2.55  0.90  0.17  0.05  1.05  0.06  1.06  0.54
 3.78  2.02  2.27  1.44  0.74  0.17  0.00  1.02  0.00  1.31  0.57
 3.80  1.50  1.67  1.83  0.84  0.00  0.00  1.08  0.00  1.48  0.59
 3.82  2.47  1.32  1.26  0.87  0.16  0.10  1.04  0.12  1.33  0.56
 3.84  2.77  1.80  1.60  1.10  0.16  0.05  1.27  0.06  1.75  0.63
 3.86  2.26  1.37  1.18  0.91  0.00  0.05  1.51  0.00  1.80  0.54
 3.88  1.92  1.52  1.42  1.04  0.00  0.05  1.29  0.06  1.67  0.62
 3.90  2.22  1.58  1.35  0.90  0.00  0.00  1.60  0.00  1.92  0.54
 3.92  2.04  0.78  0.81  0.96  0.00  0.00  1.75  0.06  2.00  0.67
 3.94  1.86  1.32  1.28  1.10  0.00  0.14  1.48  0.06  1.95  0.68
 3.96  2.15  0.77  0.75  1.00  0.00  0.09  1.60  0.06  2.04  0.57
 3.98  2.89  1.06  0.65  0.90  0.00  0.00  1.58  0.06  2.02  0.64
 4.00  2.56  1.58  0.69  0.86  0.15  0.09  2.02  0.00  2.03  0.63
 4.02  2.23  0.97  0.73  0.98  0.00  0.09  1.74  0.00  2.13  0.73
 4.04  1.18  0.89  0.90  0.89  0.15  0.09  1.83  0.00  2.30  0.70
 4.06  1.02  0.88  0.49  1.04  0.00  0.09  2.05  0.05  2.46  0.70
 4.08  1.30  0.87  0.88  0.88  0.14  0.22  1.94  0.05  2.31  0.70
 4.10  1.58  0.79  0.35  0.97  0.14  0.04  1.85  0.00  2.30  0.68
 4.12  1.42  0.57  0.91  1.00  0.28  0.17  1.88  0.11  2.23  0.73
 4.14  1.26  0.56  0.56  0.95  0.14  0.13  1.83  0.05  2.41  0.70
 4.16  1.53  0.70  0.68  1.16  0.14  0.09  2.19  0.10  2.27  0.75
 4.18  0.69  0.41  0.97  1.00  0.41  0.21  2.08  0.15  2.04  0.87
 4.20  1.37  0.61  0.79  0.95  0.55  0.17  1.94  0.15  1.77  0.90
 4.22  0.81  0.47  0.50  1.17  0.14  0.17  1.98  0.20  1.84  0.86
 4.24  0.80  0.33  0.78  1.36  0.40  0.16  2.08  0.20  2.11  0.90
 4.26  1.06  0.66  0.73  1.17  0.13  0.12  2.13  0.20  1.71  0.81
 4.28  0.79  0.79  0.52  1.17  0.39  0.40  1.92  0.05  1.36  0.87
 4.30  0.39  0.72  0.76  1.20  0.65  0.04  1.76  0.29  1.53  0.83
 4.32  1.55  0.52  0.59  1.19  0.77  0.24  2.06  0.63  1.41  0.86
 4.34  0.38  0.51  0.74  1.06  0.38  0.16  1.81  0.62  1.33  0.90
 4.36  1.14  0.70  0.74  1.28  0.00  0.31  2.14  0.19  1.32  0.89
 4.38  0.88  0.50  0.42  1.28  0.63  0.50  1.82  0.05  1.09  1.00
 4.40  0.87  0.56  0.57  1.17  0.50  0.27  1.81  0.28  1.08  0.87
 4.42  1.36  0.80  0.75  1.47  0.12  0.23  1.88  0.55  1.06  0.91
 4.44  0.61  0.37  0.82  1.16  0.37  0.34  1.96  0.37  1.20  1.01
 4.46  0.97  0.48  0.63  1.44  0.36  0.41  1.62  0.50  1.13  0.85
 4.48  0.84  0.66  0.70  1.13  0.72  0.33  1.35  0.58  1.08  1.02
 4.50  0.48  0.30  0.58  1.22  0.71  0.51  1.37  0.44  1.05  0.92
 4.52  0.59  0.53  0.72  1.44  0.47  0.50  1.36  0.70  1.14  0.96
 4.54  1.17  0.53  0.43  1.28  0.35  0.64  1.03  0.61  1.03  0.95
 4.56  1.16  0.52  0.74  1.20  0.81  0.89  0.96  0.65  0.98  0.94
 4.58  0.80  0.57  0.70  1.21  0.57  0.98  0.88  0.69  0.91  1.13
 4.60  0.57  0.34  0.66  1.18  0.68  0.63  1.02  0.60  0.92  0.99
 4.62  1.13  0.34  0.69  1.29  0.56  0.93  1.03  0.72  0.80  1.05
 4.64  0.78  0.73  0.62  1.21  1.01  0.72  0.96  0.79  0.79  1.08
 4.66  0.78  0.39  0.75  1.29  0.67  1.12  0.90  0.66  0.75  1.06
 4.68  0.55  0.44  1.21  1.57  0.66  0.71  0.78  0.78  0.75  1.02
 4.70  0.98  0.65  0.70  1.47  0.55  0.53  0.92  0.82  0.76  1.16
 4.72  0.32  1.08  0.86  1.49  1.08  0.96  0.79  0.77  0.68  1.18
 4.74  0.32  0.59  0.43  1.52  1.18  0.75  0.74  0.76  0.67  1.15
 4.76  0.64  1.01  0.62  1.71  0.43  0.94  0.86  1.15  0.67  1.12
 4.78  0.84  0.53  0.90  1.47  0.84  0.74  0.67  1.10  0.68  1.14
 4.80  0.84  0.73  0.64  1.40  0.31  0.64  0.80  1.13  0.73  1.16
 4.82  0.83  1.30  0.76  1.62  0.93  0.92  0.68  0.81  0.73  1.12
 4.84  0.41  0.57  0.60  1.38  1.03  0.79  0.83  1.08  0.72  1.24
 4.86  0.61  0.56  0.75  1.45  1.23  1.28  0.65  1.49  0.80  1.27
 4.88  0.81  0.96  0.80  1.36  0.71  1.02  0.67  1.10  0.77  1.29
 4.90  0.50  0.90  0.71  1.31  0.90  1.10  0.74  1.31  0.81  1.27
 4.92  0.30  0.45  0.55  1.23  1.39  0.97  0.65  0.93  0.85  1.23
 4.94  0.40  0.64  0.94  1.19  2.17  1.09  0.64  1.44  0.75  1.31
 4.96  1.47  0.74  0.84  1.21  1.47  1.17  0.84  1.54  0.79  1.27
 4.98  0.68  0.68  0.86  1.24  1.17  0.86  0.83  1.56  0.85  1.31
 5.00  0.87  0.92  0.88  1.20  0.96  1.18  0.82  1.23  0.74  1.39
 5.02  0.38  1.15  0.99  1.21  1.34  1.32  0.63  1.25  0.72  1.37
 5.04  0.76  0.81  0.64  1.03  1.14  1.42  0.81  1.52  0.71  1.35
 5.06  0.38  0.61  1.01  1.06  1.32  1.21  0.63  1.34  0.76  1.44
 5.08  0.56  0.65  0.83  0.88  1.59  1.80  0.82  1.82  0.76  1.58
 5.10  0.65  0.56  0.91  1.14  1.11  1.25  0.74  1.32  0.80  1.46
 5.12  0.18  0.78  1.29  0.97  1.01  1.24  0.83  1.44  0.73  1.56
 5.14  0.37  0.68  0.95  1.03  0.91  1.26  0.76  1.84  0.75  1.55
 5.16  0.45  0.77  0.80  0.88  0.72  1.30  0.68  1.35  0.78  1.55
 5.18  0.72  1.03  0.85  0.98  1.53  1.48  0.84  1.58  0.99  1.58
 5.20  0.71  0.54  1.04  0.89  1.43  1.47  0.83  1.43  0.87  1.47
 5.22  0.89  0.89  0.89  0.88  1.51  1.49  0.82  2.05  0.80  1.50
 5.24  0.53  0.88  0.99  0.83  1.32  1.72  0.81  1.87  0.75  1.54
 5.26  0.52  0.48  0.83  0.91  0.96  1.68  0.79  1.60  0.78  1.59
 5.28  0.52  0.87  0.95  0.81  1.73  1.27  0.73  1.91  0.86  1.29
 5.30  0.86  0.77  0.79  0.80  1.89  1.97  0.86  2.09  0.86  1.29
 5.32  0.34  0.81  0.78  1.06  1.36  1.49  0.80  1.88  0.89  1.30
 5.34  0.85  0.80  0.88  0.84  1.95  1.29  0.76  1.93  0.90  1.28
 5.36  0.76  0.76  0.56  0.94  1.09  1.54  0.75  1.82  0.82  1.23
 5.38  0.75  1.04  0.94  0.87  0.75  1.22  0.84  1.59  0.86  1.27
 5.40  1.16  0.70  0.96  0.85  1.32  1.80  0.71  2.01  0.95  1.27
 5.42  0.82  0.86  0.60  0.83  1.64  1.48  0.90  1.75  0.77  1.27
 5.44  0.49  1.10  0.87  0.89  1.63  1.37  0.91  1.52  0.86  1.18
 5.46  0.97  1.01  1.16  0.86  1.46  1.43  0.80  1.66  0.87  1.17
 5.48  0.64  1.09  0.96  0.79  1.04  1.18  0.83  1.98  0.80  1.17
 5.50  0.88  0.96  1.49  0.69  0.96  1.58  0.81  1.31  0.93  1.08
 5.52  0.48  1.15  0.80  0.84  1.98  1.72  0.85  1.60  1.01  1.06
 5.54  0.79  1.14  1.01  0.99  1.18  1.71  0.87  1.79  0.90  1.12
 5.56  0.62  0.94  1.29  0.89  1.02  1.24  0.79  1.92  0.93  1.09
 5.58  0.39  1.05  1.14  0.85  1.24  1.37  0.73  1.71  0.93  1.03
 5.60  0.92  1.04  0.92  0.73  1.31  1.36  0.89  1.09  0.91  1.01
 5.62  0.76  0.76  0.89  0.77  1.68  1.17  0.89  1.26  0.85  0.95
 5.64  0.91  0.87  0.90  0.85  1.21  1.16  0.84  1.47  0.84  0.97
 5.66  0.60  1.17  0.83  0.82  1.36  1.54  0.93  1.35  1.00  1.00
 5.68  0.82  1.01  1.12  0.95  1.57  1.21  0.84  1.26  1.02  0.89
 5.70  0.74  1.19  0.82  0.80  1.49  1.27  0.80  1.67  0.91  0.91
 5.72  1.11  1.00  0.92  0.86  1.03  1.13  0.79  1.35  1.02  0.88
 5.74  1.17  1.32  1.28  0.86  1.83  1.52  0.88  1.12  1.03  0.80
 5.76  0.66  1.02  1.07  0.75  1.31  1.53  0.92  1.33  0.90  0.89
 5.78  0.80  0.90  1.24  0.85  1.30  1.17  0.83  1.13  0.94  0.86
 5.80  1.08  1.18  1.32  0.96  1.29  1.32  0.99  0.88  0.93  0.87
 5.82  1.00  1.00  1.13  0.86  1.64  1.20  0.97  1.12  1.02  0.74
 5.84  1.13  0.99  0.84  0.98  1.35  1.43  0.91  1.51  1.03  0.88
 5.86  0.91  0.67  1.01  0.96  1.13  1.18  1.03  1.02  0.94  0.81
 5.88  0.98  0.91  1.39  0.69  1.75  1.34  0.95  1.07  1.05  0.90
 5.90  0.49  1.39  1.23  0.89  1.53  1.38  0.98  0.78  1.01  0.83
 5.92  0.83  0.96  1.26  0.72  1.24  1.47  1.00  0.93  0.97  0.78
 5.94  0.82  0.75  1.23  0.89  1.30  1.23  1.05  1.02  1.03  0.85
 5.96  1.02  0.99  1.08  0.81  1.29  1.41  1.01  1.02  1.12  0.84
 5.98  0.88  1.22  1.11  0.98  1.82  1.11  0.91  1.03  0.94  0.85
 6.00  1.07  1.17  0.86  0.87  1.34  1.13  1.02  1.13  1.01  0.87
 6.02  0.87  1.13  1.14  0.96  1.00  1.16  0.85  1.34  1.09  0.78
 6.04  0.73  1.06  0.97  0.93  0.99  1.13  1.12  0.74  1.17  0.84
 6.06  1.12  0.99  1.23  0.90  1.25  0.72  1.15  0.88  1.04  0.77
 6.08  0.72  1.05  1.54  0.86  1.24  0.98  1.06  1.10  1.12  0.88
 6.10  0.71  0.97  1.49  0.89  1.17  1.29  1.15  0.85  1.11  0.87
 6.12  0.45  1.00  1.28  0.94  0.64  1.18  1.09  0.84  1.04  0.81
 6.14  1.60  0.99  1.21  0.93  1.09  0.67  0.94  1.10  1.04  0.87
 6.16  1.15  1.31  1.23  0.92  1.34  0.95  1.14  0.83  1.03  0.86
 6.18  0.63  0.95  1.26  0.79  1.27  0.89  1.14  0.83  1.13  0.83
 6.20  1.07  1.35  1.21  0.91  1.38  0.88  1.12  1.01  1.10  0.84
 6.22  1.19  1.09  1.09  0.84  0.87  0.90  1.02  0.84  1.20  0.87
 6.24  1.61  1.46  1.10  0.91  0.74  0.76  0.99  0.76  1.18  0.89
 6.26  0.62  1.17  1.15  0.81  1.05  0.79  1.02  0.81  1.06  0.89
 6.28  1.23  0.98  1.24  0.82  0.98  0.80  1.17  0.66  1.10  0.89
 6.30  1.10  1.16  1.34  0.86  1.34  0.78  1.19  1.00  1.22  0.88
 6.32  1.21  1.30  1.40  1.03  0.97  0.81  1.12  0.63  1.18  0.91
 6.34  1.44  1.20  1.36  0.90  1.14  0.70  1.09  0.76  1.20  0.93
 6.36  1.02  1.31  1.33  0.91  1.25  0.73  1.16  0.98  1.22  1.01
 6.38  1.07  0.89  1.12  1.02  1.07  0.74  1.17  0.71  1.18  0.95
 6.40  1.00  1.15  1.03  0.89  0.77  0.83  1.11  0.79  1.29  0.90
 6.42  0.94  1.23  1.40  1.05  0.82  0.86  1.16  0.66  1.24  0.85
 6.44  1.34  1.31  1.07  1.00  0.87  0.93  1.23  0.96  1.28  0.95
 6.46  1.04  1.24  1.03  0.85  1.04  0.74  1.19  0.91  1.27  0.84
 6.48  0.98  1.15  1.32  0.94  0.58  0.90  1.21  0.71  1.18  0.94
 6.50  1.26  1.26  0.75  0.96  0.92  0.58  1.12  0.77  1.31  0.93
 6.52  0.91  0.77  1.11  1.10  0.68  0.75  1.18  0.74  1.28  0.92
 6.54  1.30  1.47  1.24  1.04  0.96  0.86  1.25  0.99  1.30  0.95
 6.56  1.07  1.32  1.20  0.95  0.95  0.76  1.27  0.61  1.30  0.90
 6.58  0.73  1.31  1.07  1.01  0.89  0.65  1.24  0.96  1.25  0.97
 6.60  1.33  1.28  0.81  0.94  0.72  0.71  1.15  0.81  1.21  0.96
 6.62  1.71  1.38  1.36  0.91  0.88  0.62  1.21  0.89  1.24  0.89
 6.64  1.10  1.26  1.17  1.13  0.88  0.75  1.27  0.80  1.33  0.99
 6.66  1.31  1.34  1.13  1.03  0.93  0.73  1.34  0.88  1.17  0.87
 6.68  1.19  1.22  1.13  1.05  1.08  0.70  1.33  0.99  1.09  1.04
 6.70  1.62  1.32  1.15  0.88  0.70  0.63  1.17  0.88  1.13  0.93
 6.72  1.23  1.23  1.00  1.04  1.18  0.80  1.21  0.78  1.29  0.89
 6.74  0.90  1.14  0.91  1.07  0.48  0.76  1.28  0.64  1.17  1.02
 6.76  1.32  1.19  0.84  0.97  0.63  0.57  1.10  0.81  1.11  0.97
 6.78  1.58  0.76  0.84  0.99  1.05  0.76  1.03  0.81  1.14  0.96
 6.80  1.57  0.97  0.88  1.04  0.84  0.73  1.14  0.74  1.09  1.00
 6.82  0.94  0.96  1.00  1.01  1.20  0.65  1.12  0.52  1.14  1.00
 6.84  0.93  0.88  0.90  1.02  1.03  0.81  1.15  0.83  1.07  0.96
 6.86  1.44  0.90  1.00  1.05  0.46  0.71  1.21  0.77  1.01  0.91
 6.88  1.38  0.84  1.03  1.04  0.87  0.76  1.13  0.80  1.05  0.93
 6.90  0.96  0.94  0.90  1.06  0.91  0.79  1.21  0.82  1.03  1.01
 6.92  1.26  0.78  0.93  1.07  0.76  0.94  1.14  0.79  0.98  0.98
 6.94  0.85  0.95  0.75  1.11  0.85  0.92  1.13  0.73  0.98  1.02
 6.96  1.15  0.77  0.99  1.19  0.85  0.81  1.16  1.10  0.99  1.03
 6.98  1.44  0.79  0.97  1.10  0.79  0.86  1.02  0.83  0.94  1.03
 7.00  0.69  0.74  0.93  1.13  0.94  0.66  1.06  0.85  1.02  1.04
 7.02  1.03  1.25  0.99  1.10  0.98  0.76  1.10  0.68  0.94  0.94
 7.04  0.93  0.90  0.82  1.13  0.54  0.82  1.00  0.89  1.00  1.03
 7.06  0.68  0.92  0.92  1.16  0.87  0.74  1.00  0.72  1.04  1.04
 7.08  0.68  0.84  0.81  1.22  0.68  0.91  1.01  0.86  0.88  1.04
 7.10  0.82  1.10  0.94  1.15  0.91  0.73  0.96  0.93  0.92  0.97
 7.12  0.81  0.83  0.76  1.03  0.81  0.61  0.97  0.80  0.81  1.00
 7.14  1.42  0.95  0.86  1.06  1.00  0.87  0.83  0.89  0.81  0.99
 7.16  0.94  0.80  0.97  1.16  1.18  0.76  0.97  0.72  0.95  0.98
 7.18  1.22  0.89  0.76  1.06  0.61  1.02  0.87  1.03  0.95  1.03
 7.20  0.84  0.72  0.77  1.20  1.12  0.91  0.99  0.87  0.88  1.02
 7.22  0.74  1.09  0.88  1.12  0.97  1.08  0.96  0.78  0.92  0.99
 7.24  0.97  1.01  0.99  1.10  0.83  0.82  0.83  0.98  0.83  1.06
 7.26  1.19  0.64  0.81  1.12  0.60  0.95  0.83  0.84  0.92  1.02
 7.28  1.51  0.82  0.75  1.03  0.96  0.99  0.87  1.02  0.87  1.03
 7.30  0.82  1.04  0.83  1.08  0.73  0.78  0.89  0.75  0.84  1.01
 7.32  0.72  0.81  0.85  1.17  0.54  0.80  0.90  0.78  0.89  1.07
 7.34  0.85  0.61  0.93  1.00  0.67  0.99  0.84  0.85  0.81  1.04
 7.36  1.07  0.87  0.76  1.00  1.38  0.93  0.84  1.00  0.87  1.07
 7.38  0.84  0.73  0.76  1.14  0.80  0.61  0.86  1.03  0.88  1.07
 7.40  0.53  0.77  0.78  1.15  0.79  0.78  0.81  1.07  0.93  1.04
 7.42  0.66  0.97  0.89  1.12  0.97  0.91  0.73  0.87  0.94  1.06
 7.44  1.66  0.85  0.80  1.00  0.87  0.83  0.72  0.95  0.80  1.11
 7.46  0.78  1.02  0.81  1.04  1.13  0.93  0.85  1.12  0.77  1.12
 7.48  1.08  1.06  0.74  1.01  1.12  0.98  0.72  1.02  0.83  1.10
 7.50  0.99  0.73  1.04  1.05  1.25  0.81  0.81  0.85  0.81  1.03
 7.52  1.20  0.92  0.82  0.97  0.73  1.20  0.90  1.07  0.90  1.10
 7.54  0.98  0.89  0.88  1.09  1.40  1.03  0.81  1.05  0.89  1.12
 7.56  0.85  1.02  0.96  1.18  0.63  1.16  0.74  1.17  0.80  1.08
 7.58  0.84  0.82  1.03  0.98  0.84  1.11  0.91  0.94  0.79  1.09
 7.60  0.88  1.11  0.81  1.02  1.05  0.88  0.87  0.84  0.83  1.07
 7.62  0.75  1.02  0.76  1.27  1.37  0.90  0.82  1.29  0.81  1.07
 7.64  0.87  0.99  1.10  0.98  1.33  1.00  0.91  1.01  0.87  1.07
 7.66  0.49  0.89  0.93  0.91  0.87  1.06  0.92  1.11  0.89  1.11
 7.68  0.94  0.88  1.13  1.02  1.03  0.98  0.85  1.07  0.95  1.07
 7.70  1.02  1.02  0.96  1.04  0.94  1.01  0.83  1.07  0.84  1.09
 7.72  1.22  0.75  0.94  0.99  0.89  0.87  0.82  1.17  0.96  1.09
 7.74  1.13  1.07  0.85  1.00  0.85  1.16  0.89  0.90  0.92  1.06
 7.76  1.37  0.74  0.87  0.97  0.92  1.20  0.87  1.19  0.85  1.03
 7.78  0.68  1.30  1.05  0.98  0.56  1.15  0.91  0.97  0.81  1.03
 7.80  0.91  1.23  1.01  0.98  1.11  0.92  0.84  1.19  0.88  1.08
 7.82  0.95  0.99  0.86  0.89  0.95  1.20  0.90  1.34  0.81  1.04
 7.84  0.91  1.00  0.99  0.97  1.14  1.13  0.83  1.29  0.93  1.05
 7.86  0.78  1.06  0.87  0.90  1.21  1.08  0.84  1.08  0.92  1.05
 7.88  1.05  1.09  1.18  1.00  1.32  1.01  0.92  1.21  0.92  1.07
 7.90  0.93  1.03  1.04  0.90  1.16  1.20  0.89  1.26  0.90  1.05
 7.92  0.93  1.08  1.03  1.01  1.43  1.15  0.91  1.34  0.91  1.06
 7.94  0.88  1.09  0.88  0.96  1.27  1.01  0.87  0.95  0.94  1.04
 7.96  0.95  0.92  1.06  0.96  1.18  1.18  0.93  1.10  0.96  1.08
 7.98  1.14  1.16  1.03  0.89  1.44  1.25  0.96  1.22  0.91  1.03
 8.00  1.13  0.87  1.00  0.96  1.25  1.02  0.96  1.12  0.95  0.97
 8.02  0.87  1.30  1.21  0.90  1.39  1.14  0.90  1.22  0.94  1.00
 8.04  1.09  0.88  1.03  0.96  1.61  1.13  0.86  1.40  0.85  0.94
 8.06  0.97  0.69  0.98  0.98  1.12  1.06  0.95  1.03  0.97  0.96
 8.08  1.00  0.95  1.18  0.80  1.33  0.95  0.92  1.26  0.93  1.00
 8.10  0.96  1.09  1.01  1.00  1.14  1.04  0.96  0.92  0.88  0.97
 8.12  0.62  1.01  0.93  0.94  0.88  1.46  0.95  1.19  0.98  0.94
 8.14  0.73  1.02  1.03  0.93  1.06  1.10  0.89  1.20  0.96  0.99
 8.16  0.69  0.91  1.09  1.02  0.62  1.15  0.98  1.22  0.98  0.93
 8.18  0.72  1.07  1.08  0.97  1.05  1.12  0.90  1.09  0.90  0.93
 8.20  0.97  1.03  1.23  1.00  1.33  1.04  0.97  1.21  1.00  0.94
 8.22  0.93  0.88  1.24  0.91  1.36  1.12  0.93  1.02  0.89  0.91
 8.24  1.10  1.09  1.00  0.96  1.28  1.03  0.93  1.05  0.95  0.93
 8.26  0.99  1.15  1.07  0.93  1.24  1.05  0.99  1.03  0.98  0.94
 8.28  0.99  1.18  0.92  0.91  1.24  1.30  0.97  0.90  1.01  0.90
 8.30  1.19  0.83  0.96  1.08  1.09  1.14  1.04  1.01  1.02  1.00
 8.32  0.98  0.87  1.09  0.90  1.22  0.95  1.09  1.11  1.00  0.96
 8.34  0.66  1.10  1.15  1.01  1.29  1.05  0.98  1.16  1.00  0.95
 8.36  1.11  1.11  1.02  0.93  0.80  1.05  1.04  0.91  0.99  0.94
 8.38  0.76  0.86  1.06  0.98  0.72  1.04  1.04  1.02  1.03  0.96
 8.40  0.99  1.20  0.97  1.02  1.03  1.16  1.09  1.10  1.02  0.96
 8.42  0.99  1.08  0.97  1.04  1.16  1.02  1.11  0.87  1.02  0.96
 8.44  0.78  1.05  1.00  0.92  0.75  0.97  1.09  1.03  1.02  0.95
 8.46  1.01  1.05  1.10  0.87  1.22  1.11  1.04  1.19  1.01  0.93
 8.48  0.84  1.01  1.08  0.87  1.08  0.95  0.96  0.94  1.01  0.96
 8.50  1.44  1.06  1.25  1.00  0.57  0.88  1.01  1.18  1.04  0.91
 8.52  0.83  0.73  1.18  0.95  1.00  1.20  1.15  0.92  1.07  0.91
 8.54  0.56  1.21  1.24  0.96  1.10  0.94  1.01  1.05  1.03  0.94
 8.56  0.66  1.26  1.13  0.91  0.99  1.04  0.96  0.74  1.05  0.92
 8.58  0.72  1.23  1.15  1.00  0.92  1.10  1.08  0.90  1.00  0.90
 8.60  1.24  1.06  1.08  1.02  0.88  0.83  0.99  0.90  1.03  0.94
 8.62  0.81  1.03  1.06  0.94  1.30  0.80  1.08  0.94  1.05  0.91
 8.64  0.97  1.02  0.88  1.04  1.10  1.05  1.02  1.05  1.05  0.93
 8.66  0.97  1.40  0.95  1.04  0.90  0.95  1.11  0.75  1.12  0.94
 8.68  1.00  0.90  1.01  1.06  1.25  0.97  1.04  0.86  1.05  0.88
 8.70  0.86  1.12  1.14  0.93  0.93  1.00  1.07  0.79  1.08  0.94
 8.72  1.27  1.08  1.18  0.95  0.99  1.06  1.07  0.86  1.05  0.94
 8.74  1.24  1.25  1.08  0.91  1.08  0.97  1.07  1.03  1.07  0.94
 8.76  1.07  1.03  1.17  0.94  0.54  0.94  1.01  0.75  1.06  0.96
 8.78  1.00  1.07  1.09  0.93  0.60  0.91  1.10  0.94  1.07  0.98
 8.80  0.91  1.00  1.09  0.99  0.88  0.86  1.07  1.10  1.12  0.90
 8.82  0.96  1.00  1.10  0.82  1.09  1.06  1.04  1.07  1.17  0.93
 8.84  0.77  1.21  1.17  1.00  0.84  0.88  1.08  0.86  1.10  0.96
 8.86  0.86  1.02  0.94  1.02  0.83  1.06  1.04  0.83  1.06  0.99
 8.88  1.17  1.04  1.03  0.99  0.74  0.87  1.10  0.91  1.08  0.97
 8.90  0.92  1.13  0.94  0.99  0.95  0.86  1.10  0.80  1.09  0.96
 8.92  0.91  0.81  1.05  0.94  0.67  0.96  1.05  1.00  1.07  1.01
 8.94  1.03  0.89  1.19  1.03  1.12  0.93  1.04  0.85  1.11  0.95
 8.96  1.06  0.93  1.15  1.05  0.87  0.71  1.14  0.82  1.09  0.98
 8.98  0.78  0.87  0.95  0.94  1.02  0.88  1.05  0.92  1.11  0.98
 9.00  1.20  0.84  0.91  1.05  1.02  0.90  1.01  0.83  1.11  0.96
 9.02  0.86  1.01  1.00  1.02  0.74  0.89  1.10  1.03  1.02  0.93
 9.04  1.16  1.23  0.88  1.07  0.98  0.98  1.10  0.88  1.06  0.92
 9.06  0.74  0.91  0.84  0.96  1.09  1.01  1.10  0.98  1.02  1.02
 9.08  0.94  1.10  0.96  1.02  1.00  0.98  0.94  1.06  1.10  0.99
 9.10  1.26  0.92  0.97  1.00  0.94  0.89  1.02  0.81  1.11  0.98
 9.12  1.25  1.00  0.93  0.99  1.05  0.98  1.02  1.00  1.03  1.00
 9.14  0.99  1.28  1.01  0.95  0.81  1.04  0.98  0.88  1.06  0.97
 9.16  1.01  1.04  1.09  0.96  0.84  0.87  1.06  0.86  1.06  1.03
 9.18  0.92  1.03  1.04  1.03  0.72  0.90  1.05  0.91  1.01  1.03
 9.20  0.89  1.04  0.92  1.06  0.86  0.80  1.03  0.81  1.07  1.00
 9.22  1.00  1.07  1.09  0.96  0.83  0.91  1.06  0.97  1.05  1.00
 9.24  0.91  0.94  0.91  1.02  1.16  0.94  1.02  1.03  1.06  1.02
 9.26  0.85  1.09  0.97  0.92  1.13  1.07  1.03  0.94  1.01  1.01
 9.28  0.96  0.82  1.00  1.04  0.76  1.07  0.98  0.94  1.03  1.01
 9.30  1.12  0.84  0.96  1.09  1.23  0.80  1.06  0.91  1.08  1.01
 9.32  0.89  1.16  0.80  1.05  0.89  0.88  1.01  1.07  1.08  1.01
 9.34  1.00  0.83  1.07  1.08  1.05  0.92  1.09  1.02  1.04  1.03
 9.36  1.02  0.98  0.99  0.98  0.80  1.13  0.98  1.15  0.99  1.01
 9.38  0.74  1.06  0.89  1.09  1.02  0.85  0.99  1.37  0.95  0.99
 9.40  1.12  0.95  0.95  1.11  1.10  0.90  0.99  0.85  1.06  1.06
 9.42  0.93  1.13  0.99  1.08  1.06  1.05  1.12  0.91  0.95  1.03
 9.44  0.95  0.95  0.86  1.19  0.76  0.86  1.00  0.99  1.00  1.00
 9.46  0.51  0.99  1.07  1.05  0.89  1.00  1.12  0.88  1.06  1.05
 9.48  0.97  0.96  0.98  1.04  1.00  1.02  1.00  0.79  1.01  1.03
 9.50  1.13  1.11  1.07  0.95  0.83  0.93  1.08  1.01  1.05  1.01
 9.52  1.18  0.94  1.05  0.97  0.91  1.06  0.93  0.82  1.06  1.07
 9.54  0.77  0.93  0.80  1.03  1.06  1.02  1.05  0.92  1.00  1.00
 9.56  0.98  1.03  1.05  0.96  0.77  1.19  1.03  0.86  0.93  0.99
 9.58  0.87  0.86  0.87  1.05  0.98  1.11  0.95  0.96  1.03  1.05
 9.60  1.10  1.01  0.95  1.01  0.97  0.84  1.04  1.03  0.99  1.00
 9.62  1.39  1.02  0.99  1.13  0.92  1.11  1.03  0.86  0.98  1.01
 9.64  1.15  0.85  0.92  1.06  0.60  0.93  1.02  1.19  0.95  1.08
 9.66  0.91  0.96  0.98  0.97  0.70  1.03  0.93  1.03  0.99  1.07
 9.68  1.14  0.96  0.95  1.08  1.11  1.18  1.05  1.01  0.98  1.06
 9.70  1.03  0.84  0.87  0.99  0.88  1.07  0.96  1.14  1.01  0.99
 9.72  1.28  0.91  0.83  1.00  1.18  0.94  0.92  0.95  0.95  1.09
 9.74  1.02  1.05  1.02  0.96  1.23  1.05  1.00  1.06  0.97  1.05
 9.76  1.09  0.76  0.77  1.01  0.84  0.96  0.96  0.95  0.98  1.01
 9.78  0.99  0.89  0.98  1.01  0.99  0.96  0.94  1.02  0.98  1.02
 9.80  1.19  1.17  1.11  1.06  1.03  0.91  0.97  1.01  0.98  1.04
 9.82  1.00  0.92  0.92  1.04  1.13  1.14  0.97  1.01  0.99  1.08
 9.84  1.13  0.95  1.12  0.93  0.73  1.15  1.03  1.03  0.98  1.01
 9.86  1.10  0.87  0.97  1.01  1.05  0.92  0.93  0.94  0.92  1.08
 9.88  1.17  1.12  0.98  1.05  0.89  1.05  0.94  1.12  1.00  1.02
 9.90  1.11  0.83  0.80  1.01  1.01  0.88  0.96  0.92  0.99  1.02
 9.92  1.03  0.84  1.02  0.98  0.98  1.07  1.02  1.11  1.01  1.03
 9.94  1.13  1.04  1.00  0.99  1.03  1.20  0.94  1.14  0.93  1.10
 9.96  1.07  1.09  0.90  1.03  1.17  0.97  0.97  0.98  0.95  1.07
 9.98  1.12  1.12  1.17  1.01  1.29  1.02  0.96  0.89  0.97  1.06
10.00  0.94  1.01  0.92  1.00  1.02  1.07  0.99  1.25  1.00  1.03
10.02  0.82  0.94  1.00  1.01  1.01  1.03  0.98  1.00  0.94  1.01
10.04  0.91  1.02  0.96  1.01  1.20  1.04  0.89  1.15  0.98  1.03
10.06  1.03  0.92  1.06  0.94  0.98  1.09  1.01  1.07  0.92  1.04
10.08  0.74  0.94  0.94  0.91  1.00  0.94  1.05  1.16  0.93  1.07
10.10  1.07  0.97  0.89  0.97  0.78  1.19  0.90  1.06  0.95  0.99
10.12  1.04  0.70  0.89  1.05  0.92  1.06  0.90  1.24  0.90  1.00
10.14  0.82  0.99  0.91  1.05  0.97  1.12  0.97  1.04  0.93  1.03
10.16  0.92  1.20  0.98  0.94  0.99  0.98  1.02  1.00  0.95  1.05
10.18  0.91  1.00  0.96  0.99  0.91  1.04  0.89  0.92  0.85  0.99
10.20  1.14  0.95  1.00  0.98  1.12  1.05  0.89  1.21  0.96  1.00
10.22  0.88  1.00  0.98  1.01  1.04  1.20  0.94  1.07  0.97  1.06
10.24  1.22  0.97  0.80  1.03  1.25  1.09  1.04  1.02  0.96  0.98
10.26  1.20  1.01  1.11  1.00  1.01  1.04  0.95  1.29  0.97  1.02
10.28  1.08  1.10  1.09  1.01  0.80  1.02  0.96  1.17  0.99  1.02
10.30  1.03  0.98  0.96  0.96  1.16  0.96  0.94  0.99  1.01  0.97
10.32  1.32  0.89  0.99  1.05  1.23  1.03  0.99  0.96  1.00  1.01
10.34  1.22  0.85  1.00  0.99  0.84  1.05  1.04  0.96  0.95  0.98
10.36  0.83  1.04  1.05  0.96  0.99  1.03  0.97  1.05  0.98  1.06
10.38  1.10  1.02  0.95  1.06  1.03  0.95  0.98  1.00  0.96  0.97
10.40  0.92  1.05  0.86  0.96  1.25  0.99  0.94  1.06  1.03  1.00
10.42  1.00  1.19  0.95  1.02  1.25  1.21  0.98  1.13  0.99  0.98
10.44  0.98  1.06  0.92  0.91  1.29  1.06  0.98  0.94  0.99  1.02
10.46  0.69  1.01  1.06  1.01  1.20  1.13  1.00  1.06  0.94  1.00
10.48  1.15  0.96  1.08  1.01  1.08  0.88  1.02  1.15  1.00  0.99
10.50  0.94  0.96  1.00  1.01  1.01  1.10  0.96  1.07  0.97  0.96
10.52  0.96  0.89  1.06  0.97  0.74  1.04  0.99  1.26  1.03  1.02
10.54  1.02  0.95  0.86  1.02  1.02  1.10  1.03  1.04  1.01  1.01
10.56  0.83  1.15  1.00  0.93  1.02  0.87  0.97  0.99  1.00  0.98
10.58  1.02  1.03  0.95  0.95  0.65  1.00  0.96  1.07  1.04  0.96
10.60  1.10  1.11  1.08  0.98  0.84  0.99  0.94  1.05  0.95  1.04
10.62  1.03  1.02  1.00  0.98  0.86  1.04  1.00  0.99  1.01  0.98
10.64  0.81  0.98  1.00  0.97  1.18  0.93  1.01  1.00  0.99  1.00
10.66  0.96  1.12  0.95  1.02  0.96  1.03  1.03  1.00  1.05  1.02
10.68  1.08  1.13  1.05  0.94  1.02  0.80  0.99  0.92  1.02  0.95
10.70  1.06  1.03  0.94  0.99  1.29  1.11  0.97  0.99  0.98  1.00
10.72  0.84  1.08  1.22  0.92  1.03  0.94  1.00  0.98  1.01  0.97
10.74  1.11  0.97  0.97  0.95  1.11  0.99  1.02  0.94  1.01  0.97
10.76  0.92  1.30  1.04  0.96  1.21  1.11  1.05  1.10  1.00  1.01
10.78  1.15  1.04  1.14  0.94  0.98  1.13  0.97  0.92  1.00  0.97
10.80  0.71  1.16  1.02  1.02  0.98  1.09  0.97  0.97  1.07  0.95
10.82  1.26  0.94  1.00  0.91  1.16  1.25  1.08  0.97  1.02  0.94
10.84  1.07  1.12  1.31  0.96  0.91  0.93  1.06  0.95  0.98  0.95
10.86  1.11  1.10  1.04  0.98  1.09  0.93  0.98  0.92  1.00  0.93
10.88  0.92  1.24  1.06  0.97  0.96  0.96  1.04  1.10  1.00  0.99
10.90  1.12  0.95  1.02  1.03  0.92  1.03  0.99  1.06  0.96  1.01
10.92  1.12  1.17  0.94  0.98  1.02  1.09  0.99  1.05  1.04  0.93
10.94  0.83  0.96  1.18  1.01  1.17  0.96  1.00  0.97  0.95  0.95
10.96  0.75  0.88  0.87  1.01  1.03  0.96  1.06  0.97  1.04  0.93
10.98  0.70  1.01  0.98  0.97  0.96  0.99  1.01  1.05  0.96  0.97
11.00  0.86  0.99  0.87  1.01  1.02  1.05  1.00  1.02  1.01  0.99
11.02  0.84  1.08  1.04  0.97  0.92  0.98  1.01  0.96  1.02  1.01
11.04  1.03  1.07  1.04  0.98  0.72  0.90  1.02  1.09  1.02  0.97
11.06  1.03  1.16  0.97  0.96  1.07  1.00  1.04  1.01  0.99  1.01
11.08  0.99  1.09  1.13  0.94  0.95  0.89  0.97  1.11  1.03  0.95
11.10  0.90  1.09  1.00  1.02  0.98  1.05  1.05  0.88  0.99  0.95
11.12  0.98  1.00  1.05  1.00  1.04  0.95  0.98  1.10  1.06  0.99
11.14  0.98  0.88  1.01  0.99  1.07  0.88  1.01  1.00  1.00  1.01
11.16  1.09  1.21  0.99  1.00  0.95  1.01  1.03  0.94  1.03  0.99
11.18  1.12  0.97  1.18  1.01  0.91  0.93  1.05  0.93  1.06  0.98
11.20  1.00  0.94  0.96  1.00  1.02  1.00  1.01  1.02  1.04  1.00
11.22  0.94  1.11  1.08  1.04  0.98  0.91  1.01  0.78  1.01  1.00
11.24  0.86  1.07  1.16  1.01  1.05  1.01  1.01  1.03  1.00  1.00
11.26  1.17  0.98  1.04  0.99  0.97  0.87  0.98  0.90  1.08  0.98
11.28  1.12  1.04  0.95  0.97  0.72  0.99  1.00  0.97  1.04  1.00
11.30  0.91  1.02  0.99  1.00  1.10  0.98  1.00  0.94  1.08  0.98
11.32  1.21  0.91  0.98  1.02  0.85  0.91  0.99  0.96  1.00  0.98
11.34  0.96  1.09  0.97  1.08  0.77  1.01  0.99  1.02  0.99  1.00
11.36  1.13  1.12  0.87  1.00  1.05  1.09  1.09  1.01  1.03  0.95
11.38  0.80  0.91  1.02  0.95  0.58  0.90  1.08  0.80  1.02  0.98
11.40  1.14  0.98  1.06  1.04  1.08  1.13  1.12  0.93  1.04  1.02
11.42  1.02  1.00  1.21  1.06  0.93  0.90  1.02  0.95  1.05  0.99
11.44  0.85  0.95  1.11  1.08  1.15  1.02  1.02  0.90  0.99  0.99
11.46  0.63  0.97  1.01  1.07  1.09  0.90  1.06  0.86  1.00  0.97
11.48  0.90  0.86  0.95  1.00  1.21  1.04  1.03  0.95  0.98  0.97
11.50  1.04  0.89  1.10  1.03  0.97  1.02  1.01  0.91  0.95  1.01
11.52  1.11  0.83  1.05  0.97  0.82  1.02  0.92  0.93  1.01  0.98
11.54  0.86  1.04  1.04  1.00  0.82  0.91  0.97  0.90  1.06  0.98
11.56  0.94  1.14  1.06  1.08  1.14  1.00  1.00  0.95  1.02  1.03
11.58  0.87  0.95  1.02  1.02  0.76  0.99  0.95  0.79  1.01  0.98
11.60  1.17  0.83  1.09  1.02  1.03  1.00  0.92  0.93  0.99  0.96
11.62  1.11  1.15  1.07  1.04  0.88  0.94  0.99  0.86  1.04  1.01
11.64  0.95  0.89  0.84  0.97  0.70  0.99  1.03  1.10  0.96  0.99
11.66  1.11  1.01  0.99  1.02  1.19  0.93  1.06  1.03  1.07  1.00
11.68  0.83  1.11  0.81  1.06  0.99  0.96  1.05  0.96  1.02  0.96
11.70  0.97  1.03  1.04  1.01  0.85  0.97  0.99  0.95  1.00  1.01
11.72  1.04  0.78  1.07  1.02  0.86  1.03  1.01  0.99  1.01  1.01
11.74  0.91  0.90  0.92  1.04  0.93  1.04  0.92  0.93  0.99  1.01
11.76  0.81  1.10  0.90  0.98  0.96  0.92  0.98  1.04  1.04  1.03
11.78  1.24  0.99  0.90  1.07  0.91  0.94  1.03  0.93  1.02  1.01
11.80  0.97  1.10  0.94  1.01  0.66  0.93  1.08  0.98  0.95  1.02
11.82  0.94  0.76  0.87  0.95  0.99  0.93  1.04  0.91  0.96  0.96
11.84  1.00  1.03  0.97  1.01  1.33  0.98  1.04  0.95  1.00  0.97
11.86  1.07  1.00  1.04  0.96  0.81  0.94  0.99  0.99  1.01  1.01
11.88  1.05  0.96  1.03  1.07  1.03  1.01  0.98  0.96  1.00  0.99
11.90  1.10  1.21  1.00  1.01  1.04  1.00  1.00  1.03  0.99  1.02
11.92  0.90  0.99  1.01  1.04  1.35  0.94  0.97  1.00  0.96  1.00
11.94  0.99  1.10  0.98  0.95  0.87  1.04  0.97  0.95  1.00  1.04
11.96  1.00  0.97  1.09  0.99  0.88  1.03  0.97  1.01  0.97  0.99
11.98  0.88  0.96  1.04  1.00  0.95  0.90  0.94  0.79  0.95  1.00
12.00  1.21  0.88  0.83  1.04  1.08  0.95  1.05  0.94  1.01  1.01
12.02  0.99  0.90  0.98  1.02  1.16  1.07  1.05  1.09  0.96  1.00
12.04  1.09  0.92  0.94  1.02  0.84  1.00  0.99  1.02  0.98  1.02
12.06  1.17  1.05  0.96  0.98  0.88  0.98  0.98  0.90  0.94  1.00
12.08  0.91  0.97  1.07  1.00  1.06  0.85  1.03  1.13  0.98  1.04
12.10  1.06  0.84  0.98  1.00  0.89  1.09  0.98  1.03  0.94  1.03
12.12  0.96  1.00  1.05  0.97  1.07  1.02  0.96  0.98  1.03  1.01
12.14  0.87  1.09  0.91  1.04  0.99  0.97  0.98  1.12  0.96  0.98
12.16  0.66  1.07  1.10  0.99  0.95  0.98  0.94  0.92  1.01  1.02
12.18  0.90  0.91  0.92  1.00  0.74  0.99  0.95  1.02  0.96  1.02
12.20  1.14  0.98  0.99  1.01  1.07  1.07  1.01  1.13  1.00  1.01
12.22  0.91  0.98  1.03  1.03  0.93  1.00  1.00  1.10  0.95  1.02
12.24  0.87  1.02  0.83  0.98  1.07  0.98  0.96  0.90  0.99  0.99
12.26  1.05  1.06  0.93  0.97  1.03  0.96  0.99  1.02  0.95  0.98
12.28  0.98  0.97  0.94  1.03  1.08  1.03  0.99  0.99  0.94  0.99
12.30  0.93  1.11  1.03  0.97  1.15  1.00  0.97  0.95  0.99  0.99
12.32  1.04  1.03  0.87  1.04  1.20  1.01  1.02  0.91  0.95  0.99
12.34  1.35  1.10  1.01  1.07  1.07  1.02  0.96  1.03  0.98  1.04
12.36  1.06  0.94  0.87  0.94  1.03  1.05  0.96  1.13  0.95  0.99
12.38  0.90  0.94  1.11  1.00  0.84  1.10  1.06  0.94  0.98  1.03
12.40  1.02  0.89  0.94  0.94  0.93  1.00  0.94  1.04  0.96  0.98
12.42  0.93  1.04  0.95  1.00  1.12  0.97  1.04  0.90  0.97  0.99
12.44  1.13  1.10  0.91  0.97  1.10  1.04  1.06  0.99  0.99  1.03
12.46  1.14  1.06  0.91  0.98  0.97  0.96  0.95  1.00  0.99  1.01
12.48  1.15  1.03  1.02  0.94  0.90  1.09  1.04  1.02  1.03  1.01
12.50  0.85  1.05  0.85  0.91  0.88  0.93  0.98  0.92  1.00  0.97
12.52  1.08  1.01  1.02  1.02  0.97  1.19  0.93  1.10  0.97  1.03
12.54  0.88  0.95  0.96  0.95  1.05  1.04  0.92  1.16  1.05  1.04
12.56  0.89  1.03  1.00  1.05  1.20  0.98  0.96  0.85  0.98  1.06
12.58  0.92  0.95  0.99  0.96  0.86  0.95  0.95  1.04  0.95  1.01
12.60  0.82  1.02  1.06  1.00  1.11  1.11  0.96  0.92  0.93  1.00
12.62  0.78  1.02  1.01  1.01  1.10  1.07  0.96  1.00  0.94  1.01
12.64  1.03  1.05  0.98  0.99  1.09  0.99  1.00  1.10  1.01  0.98
12.66  0.97  1.10  1.04  1.05  0.83  1.03  1.04  1.11  0.98  1.00
12.68  0.90  0.89  1.01  0.96  0.87  1.10  0.97  0.99  0.99  0.98
12.70  1.08  0.96  0.99  1.09  1.11  1.04  0.96  1.05  1.06  1.01
12.72  1.08  0.88  1.15  1.06  0.90  0.91  0.99  0.95  0.99  0.99
12.74  0.99  0.89  0.90  1.02  1.05  1.01  1.01  1.04  1.01  0.99
12.76  1.07  0.89  0.98  1.02  0.92  0.94  1.04  0.96  0.99  0.99
12.78  0.77  0.86  1.01  0.90  0.93  0.98  1.00  1.06  1.04  0.97
12.80  0.98  1.03  1.01  1.00  1.02  1.09  0.98  1.18  0.99  0.97
12.82  1.00  0.91  0.93  0.95  0.97  0.96  1.03  1.05  0.97  0.99
12.84  0.85  0.89  0.99  0.97  0.99  1.11  0.99  0.97  0.99  0.99
12.86  1.10  1.02  1.05  0.93  0.91  1.05  1.02  1.03  1.02  1.04
12.88  1.08  0.91  1.01  0.96  1.01  1.09  1.02  1.00  1.01  1.00
12.90  0.98  1.10  0.95  0.96  1.06  0.93  0.99  0.90  1.01  0.97
12.92  0.83  1.07  0.95  1.05  0.99  0.91  0.94  0.99  1.01  1.01
12.94  0.98  0.85  1.07  0.96  1.07  0.92  1.05  1.06  1.03  1.00
12.96  1.01  0.92  0.91  0.98  0.87  0.99  0.96  1.03  0.96  1.00
12.98  0.99  1.09  1.06  1.03  0.99  1.02  0.99  0.93  0.98  1.03
13.00  0.95  0.86  0.98  0.97  0.76  0.99  1.01  0.99  1.02  1.04
13.02  0.97  1.07  0.98  1.00  1.04  0.93  0.96  0.98  1.02  0.98
13.04  1.05  1.03  0.94  0.94  0.97  1.07  0.96  1.02  1.00  1.02
13.06  0.95  1.05  1.01  0.98  0.95  0.99  1.01  0.97  1.02  0.97
13.08  1.01  0.99  0.98  0.93  1.22  0.97  1.01  1.10  1.00  0.98
13.10  1.19  1.05  0.97  0.96  0.97  0.89  0.97  1.13  1.00  1.01
13.12  1.34  1.01  0.94  0.97  1.25  1.05  0.98  0.97  1.00  1.00
13.14  1.22  1.10  0.94  0.99  0.95  0.95  0.99  1.10  1.03  1.02
13.16  1.04  1.05  0.92  0.99  1.02  1.00  1.05  0.99  0.99  0.99
13.18  1.02  1.13  1.16  1.00  1.16  1.14  1.08  1.03  1.00  1.03
13.20  0.96  1.03  0.89  1.00  1.18  0.91  0.97  0.98  0.97  0.99
13.22  1.11  0.95  1.06  0.97  1.07  0.93  0.94  1.09  1.03  0.99
13.24  1.04  1.08  1.08  1.06  0.90  0.95  1.02  0.99  1.00  0.95
13.26  1.17  0.94  0.89  0.94  0.84  0.96  1.00  0.99  0.98  0.97
13.28  1.24  0.87  1.06  0.99  1.02  0.83  1.02  0.92  1.01  0.98
13.30  1.16  1.05  1.03  0.97  0.86  1.02  1.01  1.02  1.05  1.00
13.32  0.97  1.07  0.90  0.96  1.16  1.00  1.02  1.03  0.99  0.96
13.34  1.04  0.95  0.99  0.95  1.09  1.15  0.93  1.00  0.95  0.98
13.36  1.13  1.03  1.03  0.99  0.92  1.05  1.02  0.92  1.03  0.99
13.38  1.03  1.04  0.94  0.99  0.97  1.03  1.02  1.09  1.01  0.97
13.40  1.12  1.02  1.08  0.99  1.03  1.00  0.95  1.05  1.01  1.03
13.42  1.01  0.95  0.95  1.05  1.06  1.02  0.97  0.96  1.01  1.01
13.44  1.23  1.12  0.99  1.00  0.94  0.93  1.02  1.06  0.97  0.96
13.46  0.88  0.92  0.94  0.98  1.23  0.99  1.00  0.97  0.99  1.01
13.48  1.00  0.90  1.00  1.00  1.12  1.09  1.04  0.92  1.00  0.99
13.50  0.88  0.87  0.93  1.04  0.94  0.96  1.03  1.05  1.03  1.01
13.52  0.90  1.01  1.05  1.02  1.15  1.03  0.97  0.95  1.03  0.98
13.54  0.93  1.02  1.02  1.00  1.19  0.95  1.04  0.87  1.02  1.00
13.56  0.95  1.10  1.10  0.98  1.04  1.00  0.99  1.04  0.95  0.99
13.58  1.01  0.98  1.04  0.97  0.78  1.04  1.02  1.04  0.99  1.00
13.60  1.15  0.92  0.91  0.99  1.04  0.92  0.98  1.14  1.00  1.03
13.62  0.89  0.85  0.95  0.98  0.99  0.97  1.04  1.14  1.04  0.97
13.64  1.08  0.93  0.97  0.99  1.13  0.94  1.00  1.01  1.01  0.99
13.66  0.84  1.12  0.94  0.99  1.16  1.10  1.00  1.14  1.04  1.02
13.68  1.05  1.08  1.04  1.01  1.10  1.03  1.02  0.96  1.03  1.01
13.70  1.25  0.92  1.03  0.98  1.24  0.97  1.01  1.08  1.01  1.00
13.72  1.09  0.99  1.03  1.00  1.02  0.98  1.00  0.95  0.98  0.99
13.74  1.05  1.01  0.96  1.04  1.04  0.94  1.00  0.88  0.98  0.98
13.76  1.20  1.09  1.04  0.99  0.96  0.94  1.03  0.98  1.00  1.00
13.78  1.02  1.09  1.08  1.00  1.02  1.09  1.08  1.04  0.99  1.01
13.80  1.16  1.09  1.10  1.00  1.15  0.97  1.04  0.97  1.04  1.00
13.82  1.00  1.05  0.99  1.01  0.95  0.98  1.03  0.98  1.01  0.98
13.84  1.20  1.01  0.96  1.05  0.90  0.95  1.03  1.04  1.00  1.01
13.86  1.15  0.93  1.13  1.00  0.76  1.01  0.99  1.00  1.03  0.98
13.88  1.22  1.09  0.99  1.02  1.03  0.98  1.00  0.96  1.01  0.97
13.90  0.99  1.08  0.97  0.98  1.04  0.94  1.02  0.91  1.01  0.98
13.92  1.00  0.97  0.97  1.01  1.31  1.03  0.97  0.97  1.03  1.01
13.94  0.99  0.85  0.93  1.02  0.99  0.96  0.98  1.00  1.00  1.01
13.96  1.07  1.06  0.98  0.95  0.90  0.98  1.03  1.13  0.99  1.01
13.98  0.89  0.92  0.93  0.96  1.18  0.99  0.95  0.94  1.02  1.02
14.00  0.93  1.01  0.86  0.96  0.85  1.00  1.00  0.98  1.03  0.96
14.02  1.06  0.92  0.96  1.02  1.04  0.90  0.98  1.03  1.01  1.00
14.04  1.11  1.00  0.94  0.94  1.06  1.02  1.00  0.97  1.04  1.02
14.06  0.90  0.97  0.99  1.02  1.30  0.93  1.02  0.85  0.99  1.03
14.08  0.94  1.02  1.02  0.99  1.02  0.97  0.99  1.11  1.00  0.95
14.10  1.04  0.98  1.00  0.98  0.89  0.95  1.00  1.05  1.00  1.02
14.12  1.02  0.98  0.99  0.99  0.83  0.96  1.05  0.93  0.99  1.03
14.14  1.03  1.02  1.11  1.03  0.93  0.96  0.99  0.95  1.01  1.02
14.16  1.11  1.08  1.00  1.01  1.03  1.03  0.97  1.03  1.03  0.98
14.18  0.94  0.92  1.01  1.04  0.95  0.98  1.05  1.10  0.98  0.98
14.20  0.84  1.04  1.00  0.98  1.02  1.05  1.02  0.99  1.01  1.00
14.22  0.94  0.97  1.01  1.03  0.94  0.99  0.99  1.08  1.06  1.02
14.24  0.99  1.02  1.00  0.96  1.05  0.94  1.02  1.05  1.03  1.00
14.26  0.98  1.11  0.88  1.06  0.98  0.85  0.99  0.93  1.00  1.01
14.28  1.15  0.99  1.00  1.06  0.97  0.98  1.03  1.04  1.05  1.01
14.30  0.98  1.13  0.95  1.03  0.83  1.03  1.02  0.93  1.06  1.02
14.32  0.89  1.01  1.05  0.97  0.93  0.96  1.01  1.11  0.97  1.03
14.34  0.94  0.91  1.07  0.99  0.88  0.97  1.00  1.07  1.00  1.04
14.36  0.96  1.10  0.94  1.02  0.89  0.98  0.96  0.96  1.03  0.99
14.38  0.82  1.01  1.01  0.94  1.08  0.94  1.01  1.05  1.00  0.98
14.40  0.76  1.04  0.95  1.00  1.18  0.91  0.93  1.01  0.97  0.98
14.42  0.97  0.90  1.08  1.02  1.05  1.02  0.96  1.08  1.00  0.99
14.44  1.05  0.89  0.95  1.02  1.15  1.01  1.00  1.11  1.00  1.04
14.46  0.96  1.01  0.93  0.90  1.24  1.04  0.99  0.97  0.97  1.01
14.48  1.01  0.95  1.08  0.97  0.98  1.09  1.00  1.04  1.00  0.98
14.50  1.01  1.05  0.92  0.96  1.01  0.97  1.01  1.08  0.99  1.00
14.52  1.04  0.93  1.05  0.97  0.94  1.04  1.00  1.02  0.98  1.03
14.54  0.95  0.99  1.04  1.01  1.11  1.03  0.99  0.86  0.99  1.04
14.56  1.17  0.89  0.93  0.96  1.04  0.96  0.97  0.94  0.99  0.98
14.58  0.98  1.02  0.92  0.97  0.99  0.96  0.97  0.98  1.03  1.00
14.60  1.10  0.96  0.98  1.00  0.99  0.95  0.97  0.98  0.98  0.97
14.62  1.09  1.04  1.01  1.02  1.11  1.07  1.06  1.11  1.01  0.99
14.64  0.86  1.03  0.95  1.01  0.87  1.02  0.97  1.09  0.97  1.00
14.66  0.95  0.95  0.93  0.97  0.90  1.14  0.95  1.01  0.99  0.99
14.68  0.98  1.08  0.91  1.01  0.96  1.06  0.97  1.03  1.00  1.02
14.70  1.07  0.89  1.08  1.09  1.00  1.01  0.95  1.05  1.00  0.99
14.72  1.09  0.89  0.97  0.96  1.09  0.97  1.04  1.03  0.97  0.99
14.74  1.06  1.06  0.91  1.02  1.10  1.03  0.96  0.96  0.97  1.02
14.76  1.00  1.12  0.99  1.00  0.85  1.02  0.99  1.08  0.97  1.00
14.78  0.95  1.05  1.07  1.04  1.08  0.97  0.99  1.05  1.02  1.01
14.80  0.92  0.96  0.94  0.99  0.90  0.98  1.03  0.94  0.99  1.00
14.82  1.06  1.17  0.96  0.97  0.94  1.08  1.00  1.06  1.02  0.98
14.84  0.94  1.04  0.91  1.01  1.01  1.03  1.03  0.95  1.00  0.99
14.86  0.97  1.03  0.95  0.99  0.94  0.93  0.99  1.05  0.96  0.99
14.88  0.78  1.05  1.09  1.05  0.93  1.01  0.98  1.05  1.01  1.00
14.90  1.10  0.94  1.03  0.98  0.94  0.96  1.00  0.97  0.99  0.98
14.92  1.00  1.08  0.95  1.00  1.00  1.01  1.02  0.98  0.99  1.01
14.94  0.96  1.10  0.96  1.03  0.85  1.04  1.02  0.95  1.04  0.98
14.96  1.15  1.05  1.07  1.00  0.91  0.99  1.00  1.01  0.99  0.99
14.98  0.89  0.89  1.01  0.96  1.07  0.85  1.00  1.17  1.01  1.01
15.00  0.97  1.02  0.96  0.99  1.23  0.97  0.99  1.02  0.97  0.99
15.02  0.86  0.92  1.01  1.02  0.97  0.91  1.01  0.98  0.97  1.01
15.04  0.93  1.05  0.90  1.06  0.92  1.00  0.99  0.99  0.99  1.02
15.06  0.93  0.89  1.07  0.96  0.93  0.93  0.95  1.01  0.97  1.00
15.08  0.87  1.13  1.01  0.97  1.05  1.06  1.00  0.98  1.00  0.99
15.10  1.04  1.04  0.95  1.00  1.04  0.86  1.03  1.10  0.99  1.03
15.12  1.01  0.95  1.03  1.03  1.02  1.00  0.96  1.06  1.00  1.01
15.14  0.98  1.13  0.99  1.00  0.97  1.01  1.02  0.94  1.03  1.00
15.16  0.96  1.01  0.95  1.00  1.07  1.02  0.93  1.04  1.00  1.01
15.18  0.88  0.96  0.97  1.01  1.08  0.97  1.01  1.09  0.99  1.03
15.20  1.00  0.91  1.07  1.01  1.09  0.99  0.97  1.05  0.98  0.98
15.22  0.85  0.96  0.98  0.98  1.12  0.98  1.06  1.03  0.99  0.99
15.24  1.23  1.02  1.09  0.97  0.96  0.98  1.00  0.92  1.01  0.98
15.26  0.85  0.96  1.14  0.96  1.03  1.03  0.93  1.06  0.95  1.03
15.28  1.26  0.87  0.93  1.05  1.37  1.13  1.01  0.91  1.00  0.98
15.30  0.92  1.03  1.13  0.98  1.35  0.98  0.99  0.94  0.97  0.98
15.32  1.05  1.08  1.14  0.98  0.89  1.05  1.00  0.98  1.00  1.00
15.34  0.97  1.02  0.98  1.04  1.06  0.97  0.97  1.06  1.01  1.01
15.36  1.06  1.05  0.97  1.02  1.06  0.95  0.95  1.01  1.01  1.00
15.38  0.91  1.00  1.12  1.01  0.94  1.00  0.96  1.16  1.04  1.02
15.40  0.94  1.02  1.00  1.01  0.95  1.01  0.96  1.00  0.99  1.02
15.42  1.00  1.05  0.96  0.98  1.00  1.03  1.00  0.95  1.02  0.99
15.44  0.91  0.91  0.90  0.94  1.04  0.98  1.02  1.05  0.99  0.97
15.46  0.91  0.97  0.95  1.02  1.01  1.02  1.00  0.85  0.99  1.00
15.48  0.94  1.03  1.10  1.00  0.95  0.95  0.95  0.98  1.02  1.00
15.50  1.08  0.93  0.93  0.98  1.02  0.97  0.97  0.94  0.98  1.02
15.52  0.79  0.94  1.08  1.04  0.91  0.97  1.00  0.88  1.04  0.99
15.54  0.90  0.97  1.03  0.96  0.87  1.10  0.99  0.96  0.99  1.02
15.56  0.89  1.06  1.00  1.02  1.07  0.99  1.07  0.98  1.04  1.01
15.58  0.96  1.09  1.02  1.02  1.04  1.00  0.97  0.93  1.03  0.99
15.60  1.07  0.92  1.06  1.00  1.01  1.06  1.05  1.09  0.98  1.00
15.62  0.97  0.98  1.02  0.98  1.07  0.99  1.01  0.86  1.01  1.00
15.64  1.01  1.14  1.06  0.99  1.05  1.05  1.02  0.93  0.98  1.00
15.66  1.00  0.98  1.09  1.04  0.96  0.98  1.07  0.98  1.00  1.02
15.68  1.01  1.02  1.07  0.98  0.90  0.95  1.05  0.97  1.00  0.99
15.70  0.98  0.96  0.95  0.97  0.95  0.97  1.04  0.96  1.02  0.98
15.72  0.92  1.07  0.92  1.06  0.97  1.03  1.00  1.03  1.01  0.98
15.74  0.84  0.94  1.01  1.05  0.92  1.01  0.98  0.98  1.00  1.00
15.76  1.19  0.92  0.99  1.06  0.89  0.92  1.05  1.05  0.96  0.98
15.78  0.98  1.07  0.91  0.99  0.88  1.03  0.98  1.02  1.01  0.96
15.80  1.05  0.99  1.02  1.01  1.04  0.92  0.96  1.00  1.01  1.01
15.82  1.07  0.96  1.02  1.02  1.17  1.07  1.00  0.98  1.00  1.00
15.84  1.05  0.98  1.03  1.02  0.90  0.98  0.97  0.99  0.96  1.00
15.86  1.04  1.06  1.03  1.02  0.92  1.08  1.01  1.00  1.00  1.00
15.88  1.00  0.93  1.08  1.01  0.85  0.94  0.96  1.02  0.99  1.01
15.90  0.94  0.99  0.92  0.97  1.01  1.06  0.97  0.99  0.99  0.99
15.92  1.00  1.10  1.03  0.97  0.85  0.94  1.03  0.91  1.02  1.01
15.94  1.07  1.00  1.02  0.98  0.98  0.90  1.06  0.98  1.01  0.97
15.96  1.12  1.00  0.98  0.98  1.07  0.94  0.98  0.96  0.97  1.01
15.98  0.92  1.06  1.02  1.04  1.01  0.98  1.02  0.95  0.99  0.98
16.00  0.96  0.84  0.95  1.01  1.03  0.96  1.07  0.82  1.03  0.99
16.02  0.77  1.04  0.90  0.96  0.93  0.99  1.02  0.94  1.02  0.99
16.04  1.06  0.94  1.07  1.02  0.99  1.09  1.00  1.04  1.00  0.99
16.06  0.94  1.03  1.00  1.00  0.87  0.99  0.99  0.98  0.99  0.99
16.08  1.01  1.03  0.93  0.96  1.06  1.03  0.96  0.99  1.03  1.00
16.10  1.08  0.94  0.99  0.99  0.98  1.01  1.00  0.98  1.00  0.96
16.12  1.07  0.92  0.98  0.98  0.95  0.96  1.01  1.04  0.93  1.00
16.14  1.03  1.15  0.95  1.04  1.12  1.03  1.02  0.88  0.97  1.00
16.16  1.19  1.18  1.01  0.97  0.94  0.94  1.02  1.02  1.02  1.01
16.18  0.90  1.01  0.97  0.94  0.92  1.01  1.04  1.03  1.03  0.99
16.20  0.88  1.18  1.03  0.99  0.96  0.96  0.98  1.03  0.96  1.00
16.22  0.89  1.02  1.03  0.99  1.00  0.99  1.07  0.93  1.02  1.01
16.24  1.06  1.04  0.96  1.05  1.09  0.99  1.02  0.99  0.98  1.00
16.26  1.07  1.01  1.09  1.02  0.87  0.99  1.02  0.96  0.96  1.00
16.28  1.01  0.99  1.03  1.02  0.73  1.11  0.98  0.89  1.00  1.01
16.30  0.89  1.09  1.06  1.02  1.21  1.00  0.97  1.08  1.00  1.00
16.32  1.03  1.19  0.99  0.97  0.91  0.97  0.99  1.18  0.99  0.98
16.34  1.07  0.97  0.97  1.00  1.06  1.07  0.94  1.08  0.98  1.02
16.36  1.04  1.01  1.00  0.99  0.98  0.96  0.98  0.96  1.01  0.98
16.38  1.01  0.98  1.06  0.99  1.02  1.06  1.01  1.00  1.02  1.00
16.40  1.07  1.02  0.90  1.00  0.90  0.96  1.02  1.05  0.97  0.98
16.42  0.88  1.00  0.96  1.02  1.07  1.04  0.95  1.01  0.98  1.00
16.44  0.95  1.00  0.99  1.00  0.96  1.01  1.00  0.96  1.00  0.98
16.46  1.09  1.03  1.08  1.01  1.01  1.08  0.99  0.89  1.02  1.01
16.48  1.15  1.11  0.97  0.97  1.08  0.90  0.92  0.98  1.00  0.97
16.50  0.99  0.88  1.03  1.01  1.02  0.99  1.02  1.06  1.00  1.01
16.52  0.95  1.03  1.05  0.99  0.88  1.08  0.96  0.99  0.96  1.00
16.54  0.94  1.02  1.04  1.02  1.03  1.00  0.99  0.99  1.01  1.02
16.56  1.03  0.97  1.02  1.04  0.95  1.05  1.06  0.97  0.99  1.02
16.58  0.82  1.11  0.91  0.98  0.94  0.99  0.97  0.99  1.03  0.99
16.60  0.92  1.00  0.91  0.99  0.95  1.03  1.03  0.93  0.98  0.98
16.62  0.90  0.98  1.00  1.04  0.97  1.05  0.98  1.02  0.97  0.99
16.64  1.04  1.02  0.94  0.95  0.87  0.97  0.99  0.93  1.01  0.98
16.66  1.07  0.94  1.00  0.98  0.98  1.00  0.98  1.06  1.00  1.00
16.68  1.06  0.98  0.95  1.02  1.12  0.93  0.98  1.02  0.98  1.00
16.70  0.97  0.96  1.13  0.96  0.91  1.04  0.98  0.92  1.00  0.99
16.72  1.03  0.99  1.01  1.02  0.78  0.94  0.95  1.00  0.98  0.99
16.74  0.93  0.98  1.03  0.98  1.00  1.02  1.03  0.99  1.01  1.00
16.76  1.01  0.98  1.08  0.99  0.95  1.04  0.97  1.07  0.99  0.98
16.78  0.98  0.96  1.04  1.04  1.04  0.98  0.99  1.05  0.97  1.01
16.80  0.92  1.07  1.05  1.05  0.94  1.06  0.94  0.97  1.00  0.93
16.82  1.05  0.97  0.97  0.97  1.11  0.99  0.98  0.90  0.94  1.01
16.84  0.83  1.11  1.07  0.97  1.01  1.04  1.02  0.88  0.99  0.97
16.86  0.90  0.97  0.98  1.00  1.07  0.99  0.99  0.84  0.97  1.01
16.88  0.94  0.99  1.00  0.99  0.94  1.04  1.00  1.01  1.01  1.00
16.90  1.14  0.93  0.88  0.97  0.99  1.00  1.00  1.07  0.98  0.99
16.92  1.02  1.06  0.93  1.04  0.98  1.06  0.97  0.94  0.98  0.99
16.94  1.07  0.93  1.00  1.03  1.07  1.02  1.02  0.99  1.04  1.00
16.96  1.12  1.09  0.95  0.99  0.95  1.02  0.98  0.88  0.95  1.01
16.98  1.11  0.91  0.97  0.98  0.97  1.04  1.01  1.04  1.00  1.01
17.00  1.08  1.04  1.06  0.99  1.01  0.97  1.02  0.96  1.02  0.99
17.02  1.01  0.89  1.01  1.00  0.97  1.00  1.05  0.96  1.02  0.98
17.04  1.09  0.95  0.92  1.00  0.98  1.11  1.01  0.96  1.00  1.01
17.06  0.88  1.01  1.05  0.95  1.08  1.04  0.97  0.97  0.98  1.00
17.08  0.86  0.91  1.03  1.04  0.86  1.03  1.01  1.04  0.98  0.99
17.10  1.19  0.98  0.94  0.98  0.90  0.97  0.97  0.99  1.00  1.00
17.12  0.89  0.89  0.99  1.02  0.86  0.99  1.04  1.04  0.98  0.99
17.14  0.99  1.01  0.93  0.99  1.16  0.97  1.01  0.88  0.97  1.04
17.16  0.99  0.87  0.94  1.01  1.00  1.05  1.04  1.02  0.98  1.01
17.18  1.03  1.03  1.04  1.00  1.01  1.03  0.94  0.98  0.98  0.99
17.20  0.98  0.91  1.01  0.97  0.93  1.01  1.01  0.96  0.99  0.99
17.22  1.04  0.86  1.04  0.97  0.91  0.97  1.00  0.97  1.01  0.98
17.24  0.90  1.04  0.99  0.99  0.89  0.96  0.99  1.02  1.00  1.02
17.26  0.98  0.96  0.94  1.01  1.15  0.95  1.03  1.02  1.01  1.00
17.28  0.93  1.03  0.95  0.97  0.89  1.04  0.99  1.02  1.01  1.00
17.30  0.94  0.96  1.04  0.99  0.98  0.99  1.04  1.00  0.99  0.99
17.32  1.06  0.93  1.05  0.98  1.08  1.01  1.01  0.96  0.99  1.01
17.34  0.98  0.94  1.08  1.05  1.04  0.94  1.00  1.08  1.00  0.97
17.36  0.93  1.03  0.93  1.00  1.04  0.94  0.97  0.97  1.03  1.01
17.38  0.96  1.04  1.02  0.97  1.02  0.88  1.00  0.95  0.98  1.03
17.40  0.95  0.97  0.95  1.00  1.09  0.97  1.03  0.97  1.03  1.01
17.42  0.91  0.97  0.97  1.02  1.04  1.02  1.02  1.07  1.01  1.00
17.44  0.98  1.04  0.96  1.00  1.07  0.96  0.98  0.92  0.98  1.00
17.46  1.04  1.05  0.98  1.00  0.95  0.98  0.98  1.01  0.99  0.99
17.48  1.10  1.04  0.98  0.98  0.95  1.07  1.00  1.05  1.04  1.01
17.50  1.08  1.05  0.99  1.02  0.97  1.12  1.04  1.12  1.01  0.99
17.52  0.94  0.99  1.02  1.00  0.89  0.96  0.96  1.00  1.01  0.99
17.54  0.95  1.06  0.95  1.04  0.99  1.01  0.99  0.91  0.96  1.00
17.56  0.92  1.03  1.09  0.98  1.14  1.04  0.97  0.97  1.00  0.97
17.58  1.11  0.91  1.01  1.02  0.93  0.98  0.97  1.00  0.99  1.03
17.60  0.99  0.98  1.02  1.04  0.92  1.01  0.96  1.12  0.99  0.97
17.62  0.92  0.91  1.06  1.00  1.01  0.99  1.06  1.00  1.02  1.01
17.64  0.87  0.86  0.99  1.00  1.04  0.99  0.98  1.00  1.02  1.02
17.66  1.17  0.90  0.92  0.98  1.10  1.06  0.98  1.07  1.01  1.00
17.68  1.05  1.03  0.99  0.97  0.91  0.90  1.01  0.91  1.01  1.00
17.70  0.87  1.15  0.96  1.00  1.11  1.01  1.01  1.13  1.03  0.98
17.72  0.97  0.95  0.95  1.00  0.83  1.06  0.99  1.01  1.04  0.99
17.74  0.94  1.08  1.03  1.02  0.91  1.05  1.00  0.97  1.01  0.99
17.76  0.95  1.03  1.06  1.00  1.09  1.03  0.97  1.05  1.05  1.02
17.78  0.87  1.10  1.04  1.00  0.90  1.03  0.95  0.96  0.99  1.02
17.80  0.90  0.95  0.99  1.01  1.00  1.03  1.05  0.93  1.01  1.02
17.82  1.11  0.93  0.99  0.99  0.84  1.01  1.03  0.92  1.01  1.00
17.84  1.04  1.02  1.02  1.03  1.07  1.04  0.99  1.03  0.99  1.03
17.86  1.04  0.90  1.05  1.00  0.91  1.01  1.01  1.06  1.01  1.00
17.88  1.14  0.93  1.06  1.03  0.96  1.01  1.01  0.97  0.96  0.99
17.90  1.01  1.04  1.08  1.02  1.04  1.04  0.99  1.06  1.00  0.97
17.92  0.93  1.09  1.03  1.04  0.83  0.99  1.02  1.00  0.96  1.01
17.94  0.98  1.09  1.00  0.99  1.05  1.04  0.98  0.86  0.97  1.00
17.96  1.07  1.03  0.95  1.01  1.00  0.94  1.04  1.02  1.02  1.00
17.98  0.95  1.04  1.01  1.00  1.07  1.06  1.01  0.94  1.02  1.01
18.00  1.00  1.03  1.01  1.01  1.12  0.97  1.01  1.00  0.97  1.02
18.02  0.92  1.02  1.05  1.04  0.94  0.92  1.02  1.07  1.03  0.99
18.04  1.11  1.01  1.08  1.00  1.17  0.97  1.01  1.04  0.99  1.02
18.06  1.17  0.96  1.05  1.01  1.16  1.04  1.00  1.03  1.03  1.00
18.08  1.00  1.08  0.97  0.99  1.09  1.00  1.00  0.98  1.02  1.00
18.10  0.92  1.05  0.99  0.98  1.10  1.00  1.00  1.01  0.98  0.99
18.12  0.88  1.02  1.04  0.97  0.97  0.99  1.01  1.11  0.99  0.99
18.14  0.96  1.06  1.04  1.01  0.89  0.99  0.97  0.98  1.00  1.00
18.16  1.02  0.96  1.02  0.99  0.93  1.03  1.00  0.93  1.01  0.97
18.18  1.06  0.92  0.94  0.98  1.11  1.03  1.04  0.94  0.99  1.01
18.20  0.94  0.94  0.96  0.97  0.97  1.05  1.01  1.08  1.00  1.01
18.22  1.05  0.95  1.05  1.02  1.08  0.94  0.96  1.05  0.99  1.00
18.24  0.95  0.99  0.94  0.95  0.99  0.97  1.02  1.05  1.01  0.98
18.26  1.00  0.93  1.02  1.00  1.14  1.04  1.00  0.98  1.03  0.97
18.28  0.89  0.88  0.99  0.97  0.98  1.01  0.98  1.00  0.98  0.98
18.30  1.16  1.04  0.94  0.98  0.92  0.97  1.01  1.01  1.05  1.03
18.32  1.07  1.03  0.99  1.02  1.01  0.95  0.99  1.04  0.99  1.01
18.34  1.13  1.03  1.00  0.96  1.05  1.06  1.02  1.01  0.98  0.99
18.36  1.07  1.08  0.97  1.04  0.94  1.01  1.01  0.99  0.99  0.98
18.38  0.98  0.96  0.92  1.00  1.00  1.01  0.98  0.96  0.99  1.00
18.40  1.10  0.96  0.99  1.02  1.03  1.04  0.97  0.95  1.02  1.01
18.42  0.99  1.07  1.06  1.00  0.89  0.99  0.98  1.04  0.99  0.98
18.44  0.89  1.00  0.97  1.00  0.97  0.94  0.96  1.02  0.99  0.98
18.46  1.05  0.98  1.03  0.99  1.10  0.98  0.99  0.98  1.00  1.00
18.48  1.06  1.04  1.04  0.98  0.96  1.01  0.99  1.06  1.03  1.00
18.50  1.07  1.04  1.00  0.94  0.88  0.95  1.03  0.89  1.00  1.00
18.52  1.13  1.01  0.98  0.96  0.98  1.03  1.01  0.96  1.00  1.01
18.54  1.11  0.92  0.89  1.03  1.11  1.09  0.98  1.02  0.99  1.01
18.56  1.01  1.03  1.00  1.03  0.86  1.04  1.02  1.13  0.98  1.01
18.58  1.15  1.00  0.96  1.02  1.06  0.98  0.99  0.90  0.98  1.02
18.60  1.02  1.00  1.01  0.99  1.07  0.98  0.97  1.05  0.99  0.98
18.62  1.11  0.96  0.92  1.01  0.97  1.02  0.99  1.07  1.00  1.02
18.64  1.10  0.95  1.02  0.98  1.02  1.02  1.01  1.00  0.98  1.00
18.66  0.91  0.99  0.95  1.05  0.97  0.96  1.01  0.96  1.03  1.01
18.68  1.04  1.02  1.01  0.99  0.92  1.07  1.02  1.02  0.99  1.01
18.70  0.99  0.92  0.99  1.05  0.92  1.07  1.00  1.08  1.02  1.01
18.72  0.89  0.92  1.03  0.98  0.90  1.04  1.01  1.02  0.98  1.00
18.74  1.02  0.92  1.09  0.99  0.86  1.00  0.97  1.04  1.00  1.00
18.76  0.79  1.03  1.06  1.05  1.10  0.94  1.04  0.91  1.00  0.99
18.78  0.98  1.05  1.02  1.01  0.95  0.93  0.98  1.00  1.02  1.00
18.80  1.05  1.05  1.00  1.01  0.97  1.01  0.98  0.97  1.00  1.00
18.82  1.20  0.98  0.97  0.98  1.00  1.01  1.00  1.05  1.01  1.01
18.84  1.03  0.97  0.97  1.05  0.95  1.00  0.96  0.93  1.04  1.01
18.86  0.93  0.89  1.07  0.98  1.04  0.96  0.99  1.02  1.00  1.00
18.88  1.03  0.99  1.03  1.00  1.06  0.94  1.01  0.98  0.99  1.01
18.90  0.84  0.95  1.01  0.98  1.09  0.93  1.03  0.96  1.00  0.98
18.92  0.85  0.96  0.98  0.98  0.95  0.97  1.00  0.98  1.00  1.00
18.94  1.05  1.02  0.92  1.02  0.90  1.05  1.01  1.05  1.00  1.00
18.96  1.13  1.10  0.97  0.99  1.02  0.97  1.01  0.95  0.98  0.99
18.98  0.99  1.02  0.99  1.00  0.99  0.98  0.98  0.97  0.96  0.99
19.00  0.93  1.15  1.01  0.96  1.07  1.02  0.98  1.09  0.98  0.99
19.02  1.00  0.96  0.99  0.95  1.07  1.02  0.99  1.09  1.01  1.00
19.04  1.09  1.04  0.98  0.99  1.00  1.01  1.01  1.00  1.01  1.00
19.06  0.96  1.07  1.08  1.02  1.00  0.94  0.99  1.02  1.00  1.00
19.08  0.92  0.97  1.00  1.00  1.15  1.01  1.00  0.97  0.99  0.99
19.10  0.96  1.00  1.03  1.02  0.98  0.97  0.98  0.99  0.97  0.99
19.12  0.94  0.95  1.00  1.00  1.01  0.99  1.03  1.00  1.01  1.02
19.14  0.99  1.06  1.03  0.98  0.86  1.02  0.98  0.99  1.01  1.00
19.16  1.08  0.95  1.05  0.99  0.93  0.99  0.98  0.94  1.00  1.01
19.18  0.92  0.96  1.00  1.03  0.85  0.98  1.01  1.05  1.00  0.99
19.20  0.86  1.03  0.96  1.02  1.07  1.04  1.00  0.93  1.02  0.99
19.22  0.98  1.03  0.95  1.00  1.20  1.06  0.97  1.04  1.01  1.01
19.24  1.00  1.04  1.01  1.00  1.06  0.97  1.00  1.00  1.02  1.02
19.26  1.05  0.91  0.93  0.99  0.95  1.01  1.01  0.96  0.98  0.98
19.28  1.06  0.97  1.06  1.00  1.00  1.04  1.02  1.03  1.02  0.99
19.30  0.96  0.98  1.01  1.00  1.04  1.04  1.01  0.97  1.02  0.99
19.32  0.99  0.94  0.99  0.95  0.94  1.01  1.00  1.05  0.97  1.00
19.34  0.95  1.03  1.05  1.00  0.95  1.02  1.00  0.97  1.00  1.00
19.36  0.96  0.99  1.01  0.98  0.98  0.94  1.01  0.98  0.99  0.98
19.38  1.01  0.99  0.92  1.02  0.99  0.98  0.98  1.09  1.01  0.99
19.40  1.08  0.97  1.01  0.99  1.04  1.04  0.99  1.02  0.98  0.99
19.42  1.06  1.04  0.98  0.96  1.00  0.94  0.99  1.03  0.96  0.99
19.44  1.15  1.11  1.01  1.00  1.14  1.09  1.00  1.00  1.00  0.98
19.46  0.92  1.11  0.93  0.96  1.00  0.99  1.02  0.95  1.02  1.04
19.48  1.07  0.91  1.00  1.00  1.00  1.00  1.01  0.92  1.01  0.99
19.50  0.91  1.01  1.01  1.02  1.08  1.01  0.99  1.03  0.99  1.01
19.52  1.00  1.01  0.94  1.01  1.03  0.93  0.99  1.01  1.01  0.98
19.54  1.02  0.92  1.10  1.03  0.91  0.96  1.02  0.99  1.01  1.02
19.56  0.94  1.02  0.95  0.98  0.99  0.96  1.00  1.08  1.02  1.02
19.58  1.09  1.12  1.00  1.00  1.01  0.97  0.96  1.01  1.02  1.01
19.60  0.99  0.97  0.97  1.00  0.94  1.01  1.02  0.98  0.98  1.00
19.62  1.03  1.04  0.97  0.97  1.10  1.05  1.00  0.96  1.00  1.01
19.64  0.92  1.04  1.07  1.08  1.04  1.07  1.04  0.88  0.98  1.00
19.66  0.97  1.00  0.94  1.03  0.94  1.03  1.01  0.95  1.01  1.02
19.68  1.02  0.94  0.95  1.00  1.07  1.02  1.05  0.99  1.00  0.99
19.70  0.99  0.97  0.98  1.02  0.91  0.99  1.03  1.03  0.97  0.99
19.72  0.95  0.91  1.06  0.98  0.94  1.01  1.01  1.03  1.00  0.96
19.74  1.13  1.11  0.99  1.00  0.92  0.96  1.02  0.98  1.00  0.99
19.76  1.03  1.02  0.96  1.00  0.97  0.99  1.04  1.08  0.99  1.00
19.78  1.08  0.95  1.01  0.98  0.97  0.99  0.98  0.98  0.95  1.02
19.80  0.87  0.93  1.00  1.00  1.00  1.06  1.01  0.96  0.98  0.98
19.82  0.98  1.00  0.97  0.99  0.96  1.01  0.98  1.01  1.02  1.00
19.84  0.90  0.97  1.02  1.00  1.02  1.05  0.99  1.06  0.99  1.00
19.86  0.95  1.00  0.94  1.01  0.95  0.98  1.05  0.97  1.01  1.01
19.88  1.01  1.03  1.03  1.03  1.00  0.92  0.98  1.02  0.98  1.00
19.90  0.99  0.95  0.98  0.98  0.94  1.07  1.04  1.01  1.00  1.00
19.92  1.04  1.02  0.99  0.97  0.98  0.98  1.02  0.99  1.01  1.01
19.94  0.93  0.95  1.02  0.99  1.11  0.99  0.98  1.01  0.99  1.01
19.96  0.98  0.95  1.00  1.00  1.02  0.98  1.02  0.98  1.00  1.00
19.98  1.01  1.08  1.02  1.00  0.89  1.02  0.96  0.98  0.98  1.01
20.00  1.00  1.03  1.09  1.02  0.98  1.06  1.02  0.97  1.02  1.01
20.02  1.12  0.95  0.98  1.02  1.01  1.00  0.99  0.98  1.01  1.00
20.04  1.05  0.88  1.03  0.98  0.94  1.06  1.04  0.99  0.99  0.99
20.06  1.04  1.00  0.98  1.04  0.98  0.97  0.98  1.03  1.03  1.00
20.08  0.96  1.05  0.95  0.98  0.95  0.97  0.99  0.98  1.00  0.99
20.10  0.85  0.93  0.99  0.96  0.97  1.00  1.03  0.92  1.00  1.00
20.12  1.08  1.03  1.04  0.99  1.10  0.99  1.00  0.97  1.00  1.01
20.14  1.08  0.94  1.05  0.99  0.95  1.05  1.00  0.94  1.02  0.98
20.16  1.07  1.00  0.95  0.99  0.83  1.05  1.02  0.94  1.02  1.01
20.18  0.88  1.04  1.07  1.00  1.11  1.04  1.02  1.03  1.00  1.00
20.20  1.03  0.95  0.95  0.97  0.97  1.00  0.94  1.02  1.03  0.98
20.22  0.96  1.12  1.01  1.00  0.97  0.99  1.00  0.96  0.95  1.01
20.24  1.02  0.96  0.98  0.99  1.01  1.03  0.99  0.96  0.99  1.01
20.26  1.14  1.09  0.98  0.98  1.07  0.98  1.01  1.01  1.01  1.01
20.28  0.92  1.02  1.02  1.02  0.93  1.01  1.03  1.00  0.99  0.99
20.30  1.05  0.96  0.98  1.01  0.98  0.98  0.95  0.98  1.02  1.02
20.32  0.96  1.01  0.97  1.02  0.93  1.00  1.01  1.07  1.01  1.01
20.34  1.00  0.99  1.03  1.00  1.06  0.95  1.03  1.03  1.04  1.01
20.36  0.94  0.98  0.98  1.00  0.98  1.08  0.99  1.04  1.02  1.00
20.38  0.89  0.91  1.05  1.01  1.00  0.99  1.00  1.05  1.01  1.00
20.40  1.05  0.93  0.97  1.03  1.10  1.00  1.01  1.03  0.97  0.99
20.42  0.96  0.93  1.05  1.04  1.07  0.93  0.97  0.96  0.98  0.99
20.44  1.00  0.99  1.07  1.00  1.09  0.98  0.99  1.01  1.00  1.01
20.46  0.89  0.97  1.02  1.01  1.06  1.06  0.95  0.98  0.96  1.00
20.48  1.04  1.00  1.00  0.98  1.15  0.96  0.99  0.99  1.04  1.01
20.50  1.05  1.01  1.06  0.95  0.95  1.05  0.96  0.93  0.97  1.00
20.52  0.94  0.97  0.95  1.01  0.89  0.96  0.99  1.04  0.98  0.99
20.54  1.06  1.05  1.01  1.04  0.91  1.05  1.00  0.99  1.00  1.00
20.56  0.96  0.97  1.01  1.05  0.95  0.99  1.00  0.92  0.99  0.99
20.58  0.97  1.14  0.95  1.00  0.91  0.95  0.98  1.00  0.97  1.00
20.60  0.92  1.01  1.05  1.01  0.90  1.04  0.99  0.94  1.05  0.99
20.62  0.93  1.10  0.95  0.96  0.98  1.03  1.01  0.94  1.00  0.97
20.64  1.03  0.98  1.00  1.01  1.05  0.94  1.00  0.96  1.00  0.99
20.66  1.01  1.01  0.95  1.00  1.13  0.97  1.02  0.96  1.00  0.96
20.68  1.00  1.00  0.92  1.03  1.02  0.98  0.98  0.99  1.00  1.00
20.70  1.06  1.02  1.05  1.04  0.86  0.95  0.99  0.94  0.99  1.01
20.72  1.00  0.97  0.96  0.99  0.83  1.01  1.01  0.96  1.04  1.00
20.74  1.02  0.95  0.99  0.97  1.02  0.94  1.02  0.98  0.98  0.99
20.76  1.02  1.05  1.06  1.02  0.90  1.01  0.98  1.03  0.97  0.99
20.78  0.89  1.08  1.00  0.95  1.03  1.08  0.98  0.99  0.98  1.00
20.80  0.95  0.98  0.99  0.99  0.93  0.98  0.97  0.97  1.00  1.01
20.82  1.01  1.04  0.92  0.99  0.85  1.04  1.00  0.98  1.00  0.99
20.84  0.92  1.01  0.97  0.96  1.01  0.99  0.97  0.96  0.98  1.00
20.86  0.91  0.96  0.96  0.98  1.12  1.01  1.01  1.13  1.02  0.98
20.88  0.94  1.04  1.03  1.00  1.10  1.10  1.00  1.04  1.01  1.01
20.90  1.00  1.05  1.06  0.99  1.12  0.93  0.98  1.01  0.98  0.99
20.92  0.98  0.91  1.07  1.00  1.10  1.02  1.00  1.05  0.99  0.98
20.94  1.06  1.09  1.02  0.98  0.92  1.08  0.99  1.02  0.98  0.97
20.96  1.02  1.01  0.95  0.99  0.95  1.02  0.99  0.97  1.01  0.98
20.98  1.03  1.00  0.96  0.99  1.02  0.99  0.99  1.06  0.98  0.99
21.00  0.93  0.92  0.92  0.96  1.06  0.96  1.01  1.00  0.98  1.00
21.02  1.24  1.05  1.04  0.98  0.99  1.05  1.01  1.02  0.98  0.99
21.04  0.95  0.98  1.03  1.02  0.93  1.01  0.97  1.09  0.98  1.00
21.06  0.91  0.99  0.98  0.99  0.89  0.98  1.01  1.00  1.02  1.02
21.08  1.01  1.03  1.03  1.02  1.03  1.07  0.99  1.00  0.99  0.98
21.10  1.00  0.95  1.02  0.98  0.95  1.05  1.01  1.06  1.02  0.98
21.12  0.72  1.03  0.98  0.97  0.96  1.03  1.00  1.01  1.00  1.00
21.14  0.99  0.95  0.91  1.00  1.02  0.99  0.98  0.90  0.98  1.00
21.16  0.96  0.99  1.04  1.02  0.99  0.97  1.00  1.04  1.01  0.99
21.18  0.99  0.94  1.09  0.97  0.89  1.02  1.04  1.00  0.99  1.00
21.20  0.90  1.04  1.02  0.97  0.98  0.98  1.02  0.98  0.97  1.00
21.22  1.00  1.00  0.97  0.99  1.05  1.04  0.98  1.04  1.00  1.02
21.24  0.98  0.99  1.01  0.99  0.97  1.01  1.03  1.06  1.03  0.99
21.26  0.98  0.93  1.02  0.98  0.98  1.01  1.03  0.99  0.99  1.01
21.28  0.96  1.00  1.09  0.98  0.99  1.05  1.00  0.99  0.96  0.99
21.30  1.03  1.13  0.99  0.99  1.10  1.04  0.99  0.97  1.01  1.01
21.32  1.11  0.99  1.02  0.99  1.03  0.95  1.00  0.96  1.04  1.02
21.34  1.09  1.00  1.08  1.01  0.96  0.96  0.99  0.98  0.98  1.00
21.36  1.06  0.96  0.96  1.02  0.96  1.00  1.00  1.07  1.01  0.98
21.38  0.98  0.95  1.00  0.95  1.01  0.93  0.98  0.97  0.99  1.01
21.40  1.02  0.97  0.98  0.99  1.02  0.93  1.02  1.00  1.01  1.00
21.42  1.02  1.03  0.89  0.96  0.99  1.03  0.99  0.95  1.02  1.03
21.44  1.09  0.99  1.00  1.04  1.05  0.97  0.96  1.04  1.01  1.02
21.46  1.04  1.07  0.96  0.99  0.97  0.97  0.98  0.95  1.00  1.01
21.48  0.97  0.95  0.97  0.99  0.99  0.98  1.00  1.05  1.02  1.01
21.50  0.97  1.07  1.02  1.01  0.98  1.02  1.01  1.03  1.01  1.00
21.52  0.93  0.92  1.02  0.99  0.94  0.99  0.99  0.98  0.97  1.00
21.54  1.06  1.01  0.97  1.03  0.87  1.05  0.97  1.02  1.01  0.98
21.56  0.88  1.03  1.00  0.99  1.02  1.01  1.00  0.97  1.00  0.99
21.58  1.01  1.02  1.01  0.97  1.06  0.97  1.03  0.98  0.98  1.01
21.60  0.96  1.08  0.89  1.00  1.05  1.04  1.02  1.05  1.00  1.00
21.62  0.99  0.95  0.99  1.01  1.01  0.94  0.98  0.98  0.99  0.99
21.64  1.08  1.03  0.96  0.99  0.96  0.95  1.00  0.96  1.00  0.97
21.66  1.02  1.05  1.00  0.97  0.99  0.99  1.02  1.09  1.01  1.01
21.68  1.02  1.05  0.99  1.01  1.02  1.02  1.02  0.93  1.01  1.01
21.70  0.90  0.98  0.94  1.02  1.07  0.99  1.00  1.02  0.96  1.01
21.72  1.01  1.04  0.98  1.03  1.02  1.00  1.01  1.00  0.96  0.98
21.74  0.95  1.02  1.00  0.95  1.09  1.02  1.01  1.05  1.00  0.99
21.76  1.05  1.03  1.00  1.00  0.88  1.02  0.98  0.88  0.98  1.01
21.78  0.93  1.04  1.01  0.99  0.88  1.04  1.01  0.99  1.01  1.00
21.80  0.92  0.98  1.01  1.00  0.84  0.99  0.98  1.00  1.00  1.00
21.82  1.09  0.95  1.00  1.00  1.01  0.96  0.99  0.95  1.02  1.01
21.84  0.94  0.96  0.97  1.03  1.01  0.96  1.03  1.00  1.00  0.99
21.86  0.90  1.05  0.95  1.05  1.12  1.00  1.01  1.01  1.01  1.00
21.88  0.89  0.98  1.01  1.00  1.03  1.04  1.02  1.04  1.00  1.03
21.90  1.05  0.92  0.96  0.99  1.08  1.00  1.01  0.95  0.99  1.00
21.92  0.98  1.01  1.03  0.98  0.97  0.96  0.97  0.98  1.01  1.01
21.94  1.02  1.03  1.00  1.01  1.04  0.98  1.01  0.99  1.01  1.00
21.96  1.06  0.97  0.98  1.04  0.91  0.99  0.99  1.10  0.99  1.00
21.98  0.91  0.96  1.01  1.03  0.96  1.06  1.02  1.00  0.98  1.01
22.00  1.09  0.98  1.02  1.03  0.86  1.03  1.00  1.09  1.01  0.99
22.02  1.02  1.05  1.00  1.06  0.80  1.00  1.00  0.93  1.03  0.99
22.04  0.95  1.04  1.05  1.03  0.99  1.05  0.98  0.97  0.99  1.01
22.06  1.05  0.99  0.98  1.00  1.15  0.95  0.97  0.97  1.00  0.98
22.08  0.95  1.01  0.96  1.03  1.00  1.06  0.98  1.01  0.97  1.00
22.10  1.01  1.10  1.01  0.98  1.06  1.01  1.02  0.95  1.01  1.00
22.12  1.03  0.91  0.98  1.01  0.98  1.00  1.01  0.95  0.99  1.01
22.14  1.10  0.99  0.97  0.99  0.94  0.97  0.99  0.97  0.99  1.00
22.16  0.99  1.00  1.03  1.01  0.97  1.03  1.03  1.01  1.01  1.01
22.18  1.11  1.11  0.99  0.96  0.98  0.94  0.97  0.99  1.02  1.00
22.20  1.11  0.98  1.06  0.98  1.01  1.03  0.99  1.01  1.01  1.00
22.22  0.99  0.95  0.97  1.03  0.91  1.03  1.00  0.98  0.97  0.98
22.24  1.06  0.87  1.00  1.01  0.99  0.98  1.01  0.95  0.99  0.98
22.26  0.90  1.05  1.03  0.99  1.01  1.01  1.04  0.99  1.00  1.00
22.28  0.97  0.96  0.96  1.05  0.95  0.95  0.98  1.07  1.01  1.00
22.30  0.97  1.02  1.00  0.97  0.93  1.04  1.01  1.01  1.02  0.99
22.32  1.06  0.95  0.96  0.97  0.96  1.00  1.00  0.94  0.98  0.98
22.34  1.05  1.00  1.02  1.00  0.94  1.00  0.99  1.01  1.01  0.99
22.36  0.96  0.99  0.98  1.00  0.81  1.03  0.97  1.05  1.01  0.99
22.38  1.00  0.99  1.02  1.02  1.07  1.04  0.98  0.95  1.02  0.98
22.40  0.90  0.91  1.01  0.99  1.08  1.05  1.00  1.01  1.01  0.99
22.42  1.07  0.92  1.01  1.00  1.09  1.01  0.99  1.02  0.99  1.00
22.44  1.16  0.99  0.97  0.99  1.03  1.02  0.99  1.01  1.01  1.01
22.46  0.93  1.00  1.06  1.00  0.95  0.97  0.98  0.96  1.01  1.02
22.48  0.97  1.04  0.91  1.01  1.07  0.95  0.99  0.98  0.99  1.02
22.50  1.03  1.05  0.93  1.01  1.02  0.98  1.01  0.95  0.99  1.01
22.52  0.88  1.06  1.05  1.03  0.99  0.95  1.01  0.99  0.98  1.00
22.54  1.05  0.96  1.00  1.00  1.11  1.00  1.00  1.00  0.99  0.98
22.56  0.92  0.96  0.94  0.98  0.94  1.02  1.03  0.98  1.00  1.00
22.58  0.89  0.86  0.83  0.84  0.85  0.81  0.80  0.75  0.81  0.79
22.60  0.00  0.00  0.00  0.00  0.00  0.00  0.00  0.00  0.00  0.00
22.62  0.00  0.00  0.00  0.00  0.00  0.00  0.00  0.00  0.00  0.00
22.64  0.00  0.00  0.00  0.00  0.00  0.00  0.00  0.00  0.00  0.00
22.66  0.00  0.00  0.00  0.00  0.00  0.00  0.00  0.00  0.00  0.00
22.68  0.00  0.00  0.00  0.00  0.00  0.00  0.00  0.00  0.00  0.00
22.70  0.00  0.00  0.00  0.00  0.00  0.00  0.00  0.00  0.00  0.00
22.72  0.00  0.00  0.00  0.00  0.00  0.00  0.00  0.00  0.00  0.00
22.74  0.00  0.00  0.00  0.00  0.00  0.00  0.00  0.00  0.00  0.00
22.76  0.00  0.00  0.00  0.00  0.00  0.00  0.00  0.00  0.00  0.00
22.78  0.00  0.00  0.00  0.00  0.00  0.00  0.00  0.00  0.00  0.00
22.80  0.00  0.00  0.00  0.00  0.00  0.00  0.00  0.00  0.00  0.00
22.82  0.00  0.00  0.00  0.00  0.00  0.00  0.00  0.00  0.00  0.00
22.84  0.00  0.00  0.00  0.00  0.00  0.00  0.00  0.00  0.00  0.00
22.86  0.00  0.00  0.00  0.00  0.00  0.00  0.00  0.00  0.00  0.00
22.88  0.00  0.00  0.00  0.00  0.00  0.00  0.00  0.00  0.00  0.00
22.90  0.00  0.00  0.00  0.00  0.00  0.00  0.00  0.00  0.00  0.00
22.92  0.00  0.00  0.00  0.00  0.00  0.00  0.00  0.00  0.00  0.00
22.94  0.00  0.00  0.00  0.00  0.00  0.00  0.00  0.00  0.00  0.00
22.96  0.00  0.00  0.00  0.00  0.00  0.00  0.00  0.00  0.00  0.00
22.98  0.00  0.00  0.00  0.00  0.00  0.00  0.00  0.00  0.00  0.00
23.00  0.00  0.00  0.00  0.00  0.00  0.00  0.00  0.00  0.00  0.00
23.02  0.00  0.00  0.00  0.00  0.00  0.00  0.00  0.00  0.00  0.00
23.04  0.00  0.00  0.00  0.00  0.00  0.00  0.00  0.00  0.00  0.00
23.06  0.00  0.00  0.00  0.00  0.00  0.00  0.00  0.00  0.00  0.00
23.08  0.00  0.00  0.00  0.00  0.00  0.00  0.00  0.00  0.00  0.00
23.10  0.00  0.00  0.00  0.00  0.00  0.00  0.00  0.00  0.00  0.00
23.12  0.00  0.00  0.00  0.00  0.00  0.00  0.00  0.00  0.00  0.00
23.14  0.00  0.00  0.00  0.00  0.00  0.00  0.00  0.00  0.00  0.00
23.16  0.00  0.00  0.00  0.00  0.00  0.00  0.00  0.00  0.00  0.00
23.18  0.00  0.00  0.00  0.00  0.00  0.00  0.00  0.00  0.00  0.00
23.20  0.00  0.00  0.00  0.00  0.00  0.00  0.00  0.00  0.00  0.00
23.22  0.00  0.00  0.00  0.00  0.00  0.00  0.00  0.00  0.00  0.00
23.24  0.00  0.00  0.00  0.00  0.00  0.00  0.00  0.00  0.00  0.00
23.26  0.00  0.00  0.00  0.00  0.00  0.00  0.00  0.00  0.00  0.00
23.28  0.00  0.00  0.00  0.00  0.00  0.00  0.00  0.00  0.00  0.00
23.30  0.00  0.00  0.00  0.00  0.00  0.00  0.00  0.00  0.00  0.00
23.32  0.00  0.00  0.00  0.00  0.00  0.00  0.00  0.00  0.00  0.00
23.34  0.00  0.00  0.00  0.00  0.00  0.00  0.00  0.00  0.00  0.00
23.36  0.00  0.00  0.00  0.00  0.00  0.00  0.00  0.00  0.00  0.00
23.38  0.00  0.00  0.00  0.00  0.00  0.00  0.00  0.00  0.00  0.00
23.40  0.00  0.00  0.00  0.00  0.00  0.00  0.00  0.00  0.00  0.00
23.42  0.00  0.00  0.00  0.00  0.00  0.00  0.00  0.00  0.00  0.00
23.44  0.00  0.00  0.00  0.00  0.00  0.00  0.00  0.00  0.00  0.00
23.46  0.00  0.00  0.00  0.00  0.00  0.00  0.00  0.00  0.00  0.00
23.48  0.00  0.00  0.00  0.00  0.00  0.00  0.00  0.00  0.00  0.00
23.50  0.00  0.00  0.00  0.00  0.00  0.00  0.00  0.00  0.00  0.00
23.52  0.00  0.00  0.00  0.00  0.00  0.00  0.00  0.00  0.00  0.00
23.54  0.00  0.00  0.00  0.00  0.00  0.00  0.00  0.00  0.00  0.00
23.56  0.00  0.00  0.00  0.00  0.00  0.00  0.00  0.00  0.00  0.00
23.58  0.00  0.00  0.00  0.00  0.00  0.00  0.00  0.00  0.00  0.00
23.60  0.00  0.00  0.00  0.00  0.00  0.00  0.00  0.00  0.00  0.00
23.62  0.00  0.00  0.00  0.00  0.00  0.00  0.00  0.00  0.00  0.00
23.64  0.00  0.00  0.00  0.00  0.00  0.00  0.00  0.00  0.00  0.00
23.66  0.00  0.00  0.00  0.00  0.00  0.00  0.00  0.00  0.00  0.00
23.68  0.00  0.00  0.00  0.00  0.00  0.00  0.00  0.00  0.00  0.00
23.70  0.00  0.00  0.00  0.00  0.00  0.00  0.00  0.00  0.00  0.00
23.72  0.00  0.00  0.00  0.00  0.00  0.00  0.00  0.00  0.00  0.00
23.74  0.00  0.00  0.00  0.00  0.00  0.00  0.00  0.00  0.00  0.00
23.76  0.00  0.00  0.00  0.00  0.00  0.00  0.00  0.00  0.00  0.00
23.78  0.00  0.00  0.00  0.00  0.00  0.00  0.00  0.00  0.00  0.00
23.80  0.00  0.00  0.00  0.00  0.00  0.00  0.00  0.00  0.00  0.00
23.82  0.00  0.00  0.00  0.00  0.00  0.00  0.00  0.00  0.00  0.00
23.84  0.00  0.00  0.00  0.00  0.00  0.00  0.00  0.00  0.00  0.00
23.86  0.00  0.00  0.00  0.00  0.00  0.00  0.00  0.00  0.00  0.00
23.88  0.00  0.00  0.00  0.00  0.00  0.00  0.00  0.00  0.00  0.00
23.90  0.00  0.00  0.00  0.00  0.00  0.00  0.00  0.00  0.00  0.00
23.92  0.00  0.00  0.00  0.00  0.00  0.00  0.00  0.00  0.00  0.00
23.94  0.00  0.00  0.00  0.00  0.00  0.00  0.00  0.00  0.00  0.00
23.96  0.00  0.00  0.00  0.00  0.00  0.00  0.00  0.00  0.00  0.00
23.98  0.00  0.00  0.00  0.00  0.00  0.00  0.00  0.00  0.00  0.00
